16.55 0.14 55.18 0.12 -2.26 7.35 0.08 38.81 0.33 -2.93 6.56 0.12 17.31 0.35 -2.32 136 -1
20.11 0.18 60.38 0.08 -2.09 8.09 0.09 49.86 0.27 -2.84 7.11 0.13 10.07 0.3 -2.32 98 -1
19.0 0.12 56.2 0.13 -2.41 10.85 0.08 29.29 0.18 -2.93 6.77 0.12 15.47 0.35 -2.36 453 -1
15.35 0.11 51.85 0.24 -2.49 9.75 0.04 20.34 0.22 -3.39 10.93 0.08 7.28 0.21 -2.76 458 -1
2.86 0.14 31.3 0.52 -2.25 11.55 0.11 21.05 0.16 -2.65 13.91 0.08 14.26 0.12 -2.68 373 -1
8.18 0.11 54.35 0.37 -2.44 4.69 0.06 20.25 0.34 -3.24 16.24 0.11 3.21 0.13 -2.42 424 -1
11.01 0.11 58.59 0.19 -2.5 4.55 0.05 39.54 0.41 -3.32 9.17 0.11 7.79 0.23 -2.32 284 -1
16.13 0.21 27.56 0.08 -2.0 6.12 0.14 25.37 0.26 -2.47 5.61 0.13 10.84 0.37 -2.28 321 -1
14.55 0.11 57.37 0.12 -2.41 6.24 0.06 42.45 0.34 -3.2 7.24 0.12 7.57 0.32 -2.32 280 -1
16.42 0.12 59.32 0.17 -2.46 7.76 0.04 24.56 0.33 -3.49 10.54 0.09 23.54 0.25 -2.54 423 -1
6.08 0.14 48.73 0.49 -2.39 14.62 0.14 34.62 0.15 -2.76 14.9 0.09 13.56 0.13 -2.71 589 -1
2.81 0.13 55.04 0.55 -2.33 12.0 0.11 39.54 0.12 -2.77 15.63 0.11 8.81 0.1 -2.49 335 -1
3.82 0.12 27.24 0.49 -2.32 6.22 0.08 15.04 0.27 -2.89 11.49 0.09 7.58 0.22 -2.64 302 -1
14.85 0.12 53.77 0.12 -2.44 7.06 0.07 31.55 0.33 -2.99 6.45 0.11 21.32 0.36 -2.38 406 -1
16.47 0.44 32.25 0.07 -1.23 8.32 0.38 15.56 0.19 -1.56 4.32 0.28 8.46 0.49 -1.77 625 -1
19.25 0.15 60.86 0.07 -2.21 7.99 0.08 42.74 0.27 -2.98 7.36 0.12 14.89 0.33 -2.29 453 -1
16.63 0.12 56.1 0.11 -2.46 9.3 0.07 35.38 0.26 -3.06 6.23 0.11 16.1 0.37 -2.43 220 -1
16.03 0.08 53.93 0.16 -2.75 7.84 0.04 35.32 0.32 -3.51 9.06 0.08 21.97 0.31 -2.73 519 -1
6.77 0.08 49.79 0.4 -2.72 10.14 0.07 15.45 0.15 -3.18 12.85 0.07 20.09 0.21 -2.85 498 -1
1.15 0.14 34.87 0.59 -2.25 12.63 0.12 16.18 0.11 -2.57 13.61 0.09 9.23 0.11 -2.59 523 -1
2.25 0.14 52.69 0.61 -2.23 9.6 0.08 34.95 0.17 -2.89 13.67 0.11 5.68 0.12 -2.38 460 -1
9.0 0.09 57.99 0.3 -2.6 8.81 0.05 24.95 0.2 -3.41 17.41 0.13 6.41 0.12 -2.36 344 -1
18.91 0.21 44.44 0.07 -1.92 7.58 0.15 19.26 0.18 -2.48 6.37 0.2 5.24 0.32 -2.11 448 -1
13.5 0.21 33.81 0.09 -1.96 8.82 0.14 18.0 0.22 -2.31 3.4 0.12 13.71 0.51 -2.38 267 -1
17.63 0.11 52.01 0.16 -2.53 7.01 0.04 37.97 0.34 -3.57 13.66 0.08 16.03 0.19 -2.71 523 -1
7.49 0.14 50.61 0.45 -2.35 14.04 0.13 51.7 0.2 -2.72 18.17 0.11 9.51 0.09 -2.46 295 -1
1.91 0.16 37.37 0.58 -2.27 13.48 0.12 11.1 0.11 -2.68 12.7 0.07 9.15 0.16 -2.81 446 -1
3.65 0.1 56.49 0.51 -2.5 8.02 0.05 38.23 0.22 -3.26 13.46 0.11 7.22 0.14 -2.36 548 -1
13.49 0.11 58.79 0.14 -2.46 4.35 0.06 29.29 0.47 -3.34 10.97 0.11 10.85 0.18 -2.43 305 -1
20.73 0.25 57.37 0.07 -1.74 4.29 0.11 34.74 0.44 -2.62 12.95 0.13 2.73 0.2 -2.24 374 -1
12.56 0.25 19.33 0.1 -1.78 10.5 0.22 10.88 0.17 -1.93 2.49 0.14 16.89 0.54 -2.28 104 -1
18.45 0.22 34.77 0.07 -1.91 7.96 0.12 26.04 0.26 -2.53 6.84 0.1 14.84 0.38 -2.59 347 -1
14.27 0.1 54.29 0.25 -2.57 6.29 0.05 46.75 0.37 -3.37 16.06 0.13 7.12 0.12 -2.43 479 -1
2.59 0.14 45.86 0.59 -2.39 12.72 0.1 24.99 0.12 -2.89 14.18 0.09 8.32 0.14 -2.71 557 -1
4.09 0.12 52.65 0.55 -2.4 10.66 0.07 37.02 0.15 -2.99 15.3 0.1 6.16 0.11 -2.5 594 -1
2.13 0.12 36.99 0.57 -2.47 8.63 0.06 19.49 0.23 -3.09 9.63 0.08 13.28 0.26 -2.81 352 -1
13.71 0.1 60.7 0.14 -2.5 4.88 0.05 28.53 0.45 -3.39 10.79 0.11 6.46 0.22 -2.34 451 -1
16.59 0.39 10.2 0.06 -1.33 5.86 0.27 5.95 0.24 -1.79 7.23 0.21 6.51 0.33 -2.01 288 -1
15.83 0.15 52.11 0.11 -2.37 11.14 0.12 33.33 0.19 -2.69 3.94 0.12 41.47 0.48 -2.47 217 -1
18.33 0.19 57.84 0.07 -2.02 7.1 0.1 30.99 0.3 -2.76 8.4 0.11 7.67 0.3 -2.33 312 -1
14.68 0.12 51.08 0.22 -2.43 6.79 0.04 18.57 0.34 -3.52 14.11 0.1 9.84 0.14 -2.57 317 -1
3.33 0.13 47.73 0.5 -2.43 8.08 0.08 27.82 0.22 -3.01 14.3 0.11 11.1 0.15 -2.57 518 -1
4.51 0.12 45.39 0.51 -2.37 8.84 0.07 28.76 0.2 -3.02 14.02 0.09 7.33 0.14 -2.63 385 -1
5.68 0.11 52.26 0.38 -2.48 6.15 0.04 23.52 0.4 -3.45 12.98 0.1 10.46 0.18 -2.52 400 -1
16.6 0.11 58.23 0.13 -2.45 7.05 0.05 31.51 0.34 -3.42 11.3 0.1 7.59 0.28 -2.46 640 -1
16.06 0.31 46.74 0.08 -1.7 7.02 0.26 21.32 0.19 -2.09 4.73 0.21 7.93 0.4 -2.06 411 -1
14.2 0.33 32.75 0.08 -1.52 7.88 0.18 14.05 0.24 -2.02 4.69 0.12 13.38 0.42 -2.41 215 -1
15.94 0.19 51.05 0.1 -2.18 7.25 0.08 33.2 0.38 -2.95 8.87 0.08 26.4 0.3 -2.76 372 -1
11.22 0.07 56.47 0.25 -2.79 7.01 0.04 30.45 0.33 -3.54 9.98 0.09 11.96 0.23 -2.6 263 -1
9.54 0.08 60.65 0.32 -2.7 9.48 0.04 27.23 0.18 -3.6 16.86 0.12 16.68 0.14 -2.5 437 -1
5.4 0.12 52.74 0.44 -2.43 8.1 0.06 22.83 0.19 -3.23 16.37 0.11 14.19 0.1 -2.47 567 -1
8.74 0.13 61.83 0.25 -2.38 3.95 0.04 28.07 0.42 -3.52 12.42 0.12 3.43 0.14 -2.25 357 -1
15.23 0.18 54.7 0.09 -2.03 4.8 0.07 29.2 0.39 -2.99 9.94 0.11 4.12 0.25 -2.42 557 -1
16.34 0.46 8.58 0.06 -1.13 6.89 0.26 8.1 0.21 -1.62 4.36 0.17 6.75 0.42 -2.09 496 -1
11.77 0.21 28.26 0.12 -1.93 7.77 0.12 14.15 0.3 -2.45 5.56 0.1 10.04 0.41 -2.59 254 -1
11.37 0.12 50.15 0.16 -2.49 7.45 0.06 28.35 0.34 -3.09 7.14 0.08 17.13 0.35 -2.78 244 -1
16.58 0.1 54.98 0.14 -2.6 7.31 0.05 18.35 0.33 -3.44 10.97 0.09 17.74 0.29 -2.64 273 -1
7.07 0.12 54.11 0.45 -2.44 10.71 0.05 18.52 0.18 -3.25 14.93 0.09 14.49 0.15 -2.66 418 -1
4.34 0.11 58.03 0.52 -2.42 10.24 0.05 38.95 0.18 -3.23 15.56 0.12 13.24 0.08 -2.28 245 -1
13.68 0.13 61.79 0.17 -2.34 4.56 0.05 32.31 0.3 -3.34 12.02 0.15 3.5 0.13 -2.2 425 -1
17.03 0.16 48.67 0.08 -2.13 7.92 0.08 17.44 0.24 -2.98 10.75 0.11 6.01 0.34 -2.36 751 -1
17.27 0.4 43.13 0.07 -1.44 7.4 0.31 20.67 0.18 -1.88 4.47 0.35 3.62 0.38 -1.6 480 -1
14.47 0.21 44.23 0.09 -1.98 7.42 0.11 47.98 0.29 -2.6 4.69 0.1 27.0 0.43 -2.59 204 -1
15.99 0.28 23.72 0.07 -1.71 9.39 0.17 15.24 0.24 -2.23 4.85 0.1 19.28 0.45 -2.55 139 -1
16.76 0.12 56.86 0.16 -2.44 8.81 0.06 37.59 0.26 -3.16 11.17 0.11 8.39 0.29 -2.42 346 -1
4.38 0.11 53.82 0.5 -2.42 12.09 0.09 35.3 0.14 -3.01 17.87 0.11 11.3 0.09 -2.55 511 -1
7.43 0.1 59.69 0.38 -2.52 8.44 0.04 24.59 0.19 -3.49 15.65 0.11 6.33 0.13 -2.5 448 -1
18.85 0.12 58.43 0.12 -2.38 8.02 0.05 33.5 0.3 -3.28 11.37 0.1 8.45 0.26 -2.5 317 -1
7.07 0.1 50.16 0.49 -2.52 12.23 0.07 37.54 0.16 -3.16 14.74 0.09 5.71 0.12 -2.69 462 -1
4.54 0.11 50.57 0.45 -2.4 6.8 0.06 18.56 0.29 -3.19 12.48 0.08 11.33 0.14 -2.77 539 -1
12.75 0.1 56.71 0.14 -2.61 5.08 0.07 32.68 0.39 -3.08 6.54 0.09 20.88 0.3 -2.57 239 -1
15.21 0.22 48.21 0.09 -1.99 6.15 0.12 31.62 0.3 -2.58 6.1 0.11 6.24 0.36 -2.48 268 -1
15.63 0.16 51.99 0.09 -2.15 7.04 0.09 35.55 0.28 -2.84 6.73 0.11 13.13 0.33 -2.4 245 -1
16.88 0.11 56.53 0.18 -2.55 8.61 0.04 22.44 0.31 -3.48 10.77 0.09 17.47 0.25 -2.59 523 -1
7.36 0.12 47.2 0.47 -2.48 13.81 0.1 28.19 0.14 -2.97 13.44 0.08 12.77 0.17 -2.82 461 -1
3.87 0.12 51.68 0.51 -2.34 10.13 0.07 31.84 0.17 -3.05 17.01 0.12 11.02 0.09 -2.4 322 -1
8.82 0.06 56.68 0.31 -2.94 6.31 0.04 49.5 0.32 -3.4 7.36 0.09 8.82 0.28 -2.56 345 -1
16.21 0.47 9.64 0.06 -1.15 8.9 0.33 5.52 0.17 -1.54 3.18 0.24 9.91 0.52 -1.89 547 -1
15.57 0.09 52.65 0.19 -2.68 8.0 0.04 33.07 0.33 -3.49 10.74 0.08 26.73 0.28 -2.78 488 -1
6.29 0.14 47.02 0.47 -2.39 12.78 0.12 33.95 0.17 -2.85 16.28 0.09 10.59 0.11 -2.66 515 -1
3.41 0.12 52.44 0.55 -2.45 10.92 0.08 36.47 0.16 -3.01 14.66 0.1 8.23 0.12 -2.6 438 -1
7.61 0.1 58.81 0.33 -2.57 7.24 0.04 33.41 0.24 -3.49 16.35 0.13 5.47 0.09 -2.32 352 -1
19.28 0.17 50.87 0.08 -2.09 8.91 0.09 15.61 0.24 -2.71 8.02 0.1 15.19 0.34 -2.5 412 -1
16.68 0.73 18.04 0.06 -0.66 6.68 0.35 15.89 0.2 -1.4 3.86 0.34 4.67 0.37 -1.45 316 -1
12.49 0.2 20.81 0.1 -1.9 9.05 0.17 9.61 0.21 -2.09 3.65 0.12 14.87 0.47 -2.38 207 -1
16.41 0.13 53.52 0.22 -2.39 7.01 0.05 39.78 0.36 -3.25 16.31 0.1 11.87 0.16 -2.6 450 -1
2.93 0.19 48.53 0.58 -2.14 14.91 0.16 44.51 0.12 -2.5 15.68 0.09 9.78 0.11 -2.66 382 -1
2.17 0.13 48.34 0.59 -2.35 10.23 0.07 42.16 0.16 -2.97 13.9 0.1 11.01 0.15 -2.54 464 -1
11.34 0.07 60.7 0.24 -2.76 6.0 0.04 41.63 0.38 -3.65 11.2 0.1 9.81 0.2 -2.47 204 -1
17.87 0.27 49.41 0.06 -1.72 5.41 0.14 27.2 0.36 -2.44 9.23 0.12 5.39 0.31 -2.36 321 -1
17.65 0.49 3.89 0.06 -1.09 6.35 0.3 3.69 0.22 -1.54 5.04 0.25 9.36 0.36 -1.8 227 -1
14.68 0.24 9.33 0.08 -1.84 12.08 0.23 9.31 0.13 -1.93 2.61 0.15 19.92 0.57 -2.19 146 -1
13.38 0.12 52.42 0.25 -2.39 5.65 0.05 55.6 0.36 -3.28 16.61 0.12 11.5 0.1 -2.42 471 -1
4.42 0.11 51.03 0.5 -2.54 8.9 0.06 22.62 0.21 -3.21 13.67 0.09 10.14 0.16 -2.74 527 -1
1.72 0.14 49.25 0.62 -2.32 9.42 0.07 21.87 0.18 -3.04 11.37 0.09 9.31 0.19 -2.68 428 -1
12.81 0.08 58.21 0.21 -2.66 4.93 0.04 44.12 0.43 -3.48 9.92 0.11 6.49 0.24 -2.38 402 -1
13.98 0.52 4.77 0.07 -0.81 6.93 0.45 2.6 0.16 -0.99 2.2 0.25 10.76 0.49 -1.67 200 -1
12.67 0.32 13.63 0.1 -1.46 10.42 0.28 8.47 0.15 -1.54 2.8 0.12 20.86 0.51 -2.36 225 -1
12.3 0.09 55.3 0.2 -2.63 6.84 0.04 32.04 0.33 -3.46 12.26 0.09 8.7 0.2 -2.61 237 -1
6.24 0.09 54.4 0.39 -2.56 9.33 0.06 27.77 0.2 -3.28 17.63 0.11 5.45 0.1 -2.52 384 -1
6.75 0.09 55.56 0.4 -2.61 5.62 0.04 31.86 0.33 -3.45 14.06 0.1 8.07 0.14 -2.48 360 -1
14.26 0.12 53.1 0.11 -2.36 5.78 0.06 24.75 0.37 -3.11 9.02 0.09 13.06 0.29 -2.57 556 -1
15.82 0.38 22.87 0.07 -1.39 8.33 0.24 18.42 0.19 -1.78 4.03 0.14 11.12 0.49 -2.16 347 -1
14.48 0.55 6.95 0.07 -0.81 6.48 0.36 5.31 0.2 -1.24 3.09 0.21 10.13 0.45 -1.84 261 -1
11.32 0.1 57.79 0.38 -2.54 9.76 0.05 42.11 0.22 -3.41 16.47 0.12 9.83 0.1 -2.34 454 -1
9.09 0.11 59.49 0.33 -2.37 6.45 0.04 38.7 0.25 -3.46 15.29 0.15 2.99 0.06 -2.09 336 -1
16.32 0.11 54.25 0.11 -2.47 6.35 0.05 22.38 0.32 -3.29 11.75 0.1 9.46 0.25 -2.51 475 -1
16.2 0.33 38.49 0.07 -1.5 8.95 0.28 18.55 0.18 -1.87 3.79 0.22 4.6 0.51 -1.98 473 -1
15.2 0.4 40.76 0.12 -1.61 9.22 0.28 26.01 0.18 -2.1 4.41 0.27 15.57 0.42 -1.95 360 -1
11.46 0.1 49.68 0.37 -2.55 12.53 0.07 33.57 0.17 -3.15 10.05 0.07 13.09 0.25 -2.82 320 -1
5.42 0.13 46.71 0.45 -2.3 8.23 0.07 35.38 0.23 -3.07 13.98 0.08 8.67 0.1 -2.67 432 -1
9.59 0.1 58.27 0.21 -2.57 5.33 0.04 24.24 0.33 -3.45 11.2 0.08 7.11 0.2 -2.73 403 -1
15.81 0.25 46.54 0.08 -1.89 8.2 0.14 11.19 0.28 -2.39 5.65 0.09 19.23 0.4 -2.62 273 -1
13.45 0.52 3.03 0.08 -0.79 10.36 0.51 2.07 0.1 -0.88 1.04 0.28 12.11 0.64 -1.61 224 -1
16.91 0.62 23.13 0.07 -0.93 6.79 0.28 16.82 0.21 -1.7 4.56 0.28 5.64 0.35 -1.71 283 -1
16.95 0.11 55.62 0.18 -2.48 7.04 0.05 35.71 0.32 -3.25 11.9 0.1 7.03 0.2 -2.52 291 -1
7.85 0.08 47.76 0.39 -2.71 9.36 0.05 19.04 0.29 -3.34 12.53 0.08 12.42 0.19 -2.81 175 -1
14.39 0.1 59.95 0.2 -2.5 6.29 0.04 33.93 0.3 -3.6 14.95 0.12 16.31 0.14 -2.4 510 -1
17.28 0.19 49.03 0.07 -2.05 8.65 0.12 31.79 0.29 -2.55 6.73 0.08 19.49 0.4 -2.69 380 -1
11.45 0.24 14.01 0.1 -1.75 5.16 0.13 11.48 0.35 -2.26 5.5 0.13 13.31 0.34 -2.37 153 -1
20.58 0.2 51.91 0.06 -1.84 4.17 0.12 43.37 0.35 -2.55 9.74 0.15 5.97 0.17 -2.09 62 -1
13.99 0.51 6.38 0.08 -0.9 9.34 0.3 4.5 0.16 -1.4 2.47 0.17 12.69 0.53 -2.13 279 -1
17.31 0.48 44.68 0.07 -1.21 5.91 0.27 23.94 0.24 -1.74 6.02 0.22 5.31 0.29 -1.87 520 -1
19.1 0.17 52.41 0.09 -2.14 10.02 0.09 23.21 0.23 -2.81 6.8 0.1 16.33 0.39 -2.49 509 -1
16.93 0.1 57.27 0.18 -2.62 6.85 0.04 33.12 0.33 -3.47 12.72 0.09 10.71 0.18 -2.66 283 -1
17.85 0.11 59.1 0.12 -2.38 6.79 0.04 24.86 0.28 -3.45 11.62 0.12 10.41 0.22 -2.35 195 -1
18.81 0.36 37.89 0.06 -1.46 8.79 0.17 14.72 0.21 -2.18 5.21 0.14 7.79 0.46 -2.34 289 -1
17.37 0.37 43.2 0.09 -1.48 7.52 0.2 22.04 0.29 -2.11 7.73 0.18 4.02 0.36 -2.1 126 -1
7.85 0.11 49.2 0.47 -2.53 13.0 0.09 35.53 0.15 -3.03 14.35 0.08 13.07 0.13 -2.64 507 -1
10.36 0.09 56.01 0.34 -2.61 7.96 0.04 54.03 0.26 -3.47 17.63 0.13 9.55 0.1 -2.37 486 -1
17.01 0.62 8.25 0.06 -0.9 8.31 0.46 7.96 0.15 -1.3 2.75 0.42 11.32 0.45 -1.49 266 -1
10.0 0.11 53.12 0.4 -2.47 10.17 0.06 35.32 0.22 -3.21 15.46 0.1 6.6 0.11 -2.57 401 -1
8.58 0.09 53.15 0.4 -2.65 8.52 0.04 28.06 0.21 -3.5 13.86 0.09 7.78 0.12 -2.68 555 -1
21.01 0.18 50.05 0.08 -2.06 12.91 0.12 20.34 0.18 -2.58 6.98 0.09 21.01 0.42 -2.68 459 -1
18.7 0.38 43.23 0.06 -1.41 7.68 0.16 15.38 0.23 -2.23 5.18 0.16 3.99 0.39 -2.23 470 -1
23.01 0.37 18.76 0.05 -1.4 5.53 0.16 12.91 0.28 -2.17 10.03 0.2 10.6 0.16 -1.97 92 -1
5.04 0.11 46.87 0.49 -2.51 12.24 0.08 42.58 0.15 -3.04 15.23 0.09 11.96 0.11 -2.65 421 -1
5.25 0.11 56.82 0.42 -2.39 6.72 0.06 38.51 0.3 -3.18 13.85 0.12 11.58 0.13 -2.47 434 -1
15.15 0.13 54.65 0.1 -2.33 5.11 0.06 40.32 0.46 -3.16 11.96 0.13 9.89 0.16 -2.32 400 -1
17.7 0.29 42.11 0.06 -1.72 8.21 0.13 13.56 0.22 -2.33 5.45 0.12 10.43 0.39 -2.34 388 -1
23.25 0.25 50.33 0.05 -1.72 8.23 0.13 35.0 0.21 -2.34 8.19 0.13 8.0 0.27 -2.29 143 -1
16.81 0.1 54.55 0.21 -2.59 8.04 0.04 37.78 0.28 -3.43 15.02 0.09 11.1 0.15 -2.56 413 -1
6.23 0.11 51.64 0.48 -2.53 10.36 0.07 55.2 0.19 -3.13 16.18 0.1 13.96 0.1 -2.56 1252 -1
5.82 0.12 55.36 0.38 -2.34 5.82 0.06 34.58 0.37 -3.25 14.71 0.12 6.15 0.12 -2.38 483 -1
10.81 0.08 58.87 0.27 -2.7 7.28 0.04 24.95 0.35 -3.6 10.56 0.09 14.44 0.22 -2.64 250 -1
18.41 0.27 21.11 0.06 -1.73 8.5 0.14 15.7 0.25 -2.32 5.79 0.12 15.37 0.42 -2.46 368 -1
16.07 0.4 9.94 0.07 -1.34 6.28 0.2 7.17 0.25 -1.93 4.81 0.16 9.63 0.37 -2.2 228 -1
17.99 0.41 37.16 0.06 -1.28 8.07 0.22 14.39 0.21 -1.89 5.27 0.18 10.13 0.42 -2.14 312 -1
8.84 0.09 53.38 0.4 -2.62 11.08 0.05 36.97 0.16 -3.4 15.64 0.09 8.55 0.14 -2.62 363 -1
4.83 0.09 54.03 0.42 -2.57 6.43 0.04 15.28 0.23 -3.44 12.79 0.09 9.91 0.19 -2.62 384 -1
17.28 0.09 58.13 0.14 -2.58 6.83 0.05 51.53 0.33 -3.4 11.58 0.13 18.16 0.21 -2.39 327 -1
18.73 0.2 53.4 0.08 -2.01 6.68 0.1 14.36 0.26 -2.74 7.62 0.09 6.15 0.28 -2.49 339 -1
19.49 0.16 52.84 0.18 -2.16 8.1 0.07 44.23 0.28 -3.04 16.1 0.14 7.56 0.15 -2.17 376 -1
1.47 0.19 31.66 0.58 -1.96 11.6 0.14 14.43 0.06 -2.32 13.26 0.17 8.93 0.06 -2.14 326 -1
2.53 0.18 59.11 0.46 -1.97 8.12 0.09 32.8 0.14 -2.73 14.71 0.14 3.89 0.07 -2.18 223 -1
7.81 0.15 62.36 0.29 -2.11 6.45 0.09 48.56 0.21 -2.93 19.14 0.26 8.42 0.05 -1.73 514 -1
18.96 0.2 60.78 0.14 -2.04 5.39 0.1 48.19 0.45 -2.93 16.64 0.17 5.62 0.13 -2.15 90 -1
16.71 0.13 62.74 0.18 -2.31 5.25 0.04 42.77 0.36 -3.47 17.23 0.16 5.34 0.1 -2.14 454 -1
2.66 0.14 29.45 0.57 -2.21 11.55 0.11 14.87 0.07 -2.68 12.85 0.11 10.44 0.1 -2.52 384 -1
2.84 0.15 59.16 0.45 -2.19 8.64 0.06 30.36 0.13 -3.09 15.26 0.14 2.82 0.09 -2.17 522 -1
10.99 0.14 61.34 0.21 -2.23 4.19 0.05 34.38 0.26 -3.34 14.05 0.18 3.9 0.07 -1.97 425 -1
20.43 0.29 53.81 0.06 -1.54 3.76 0.15 19.71 0.37 -2.36 11.24 0.15 3.19 0.16 -2.14 509 -1
22.38 0.27 60.95 0.07 -1.72 3.07 0.11 53.79 0.53 -2.66 17.92 0.26 4.06 0.09 -1.73 191 -1
19.33 0.15 58.45 0.14 -2.18 6.54 0.07 46.89 0.36 -3.12 15.45 0.2 4.55 0.16 -2.05 125 -1
3.54 0.14 54.77 0.57 -2.27 13.83 0.08 45.29 0.1 -2.91 16.65 0.12 9.53 0.1 -2.45 319 -1
7.69 0.14 54.5 0.39 -2.33 9.96 0.06 26.09 0.13 -3.19 14.48 0.13 7.21 0.12 -2.25 351 -1
12.67 0.13 57.65 0.21 -2.31 5.37 0.07 31.13 0.19 -3.06 13.02 0.18 2.91 0.08 -2.03 333 -1
16.22 0.11 60.94 0.2 -2.34 6.88 0.06 54.23 0.32 -3.15 19.26 0.28 3.75 0.1 -1.75 190 -1
8.34 0.11 59.77 0.41 -2.41 10.53 0.05 48.11 0.17 -3.35 17.84 0.13 4.21 0.09 -2.3 466 -1
3.16 0.14 56.04 0.47 -2.27 12.05 0.07 30.62 0.12 -3.04 16.72 0.14 9.4 0.12 -2.31 368 -1
11.84 0.13 60.21 0.32 -2.25 8.05 0.05 32.07 0.2 -3.25 14.47 0.16 2.32 0.09 -2.07 435 -1
18.23 0.14 61.01 0.14 -2.23 5.91 0.06 51.91 0.35 -3.13 19.15 0.21 6.94 0.11 -1.98 268 -1
15.0 0.12 54.18 0.28 -2.38 8.7 0.06 44.04 0.23 -3.14 14.19 0.11 11.25 0.17 -2.42 364 -1
1.93 0.22 60.53 0.56 -1.86 11.1 0.09 35.35 0.07 -2.76 15.61 0.17 5.92 0.05 -2.07 373 -1
11.41 0.13 57.16 0.25 -2.28 5.25 0.06 21.79 0.32 -3.21 13.1 0.13 3.09 0.09 -2.22 538 -1
20.22 0.29 47.74 0.06 -1.56 4.27 0.2 24.51 0.35 -2.1 9.8 0.28 4.5 0.17 -1.77 544 -1
15.43 0.1 61.52 0.21 -2.48 7.55 0.05 51.22 0.29 -3.4 16.55 0.16 9.16 0.14 -2.18 232 -1
22.18 0.18 56.67 0.12 -2.12 8.5 0.08 25.43 0.24 -3.01 11.91 0.11 7.16 0.21 -2.45 319 -1
2.74 0.17 60.37 0.55 -2.15 12.66 0.1 34.9 0.1 -2.82 17.41 0.15 11.44 0.07 -2.23 393 -1
9.28 0.12 63.33 0.31 -2.31 6.54 0.05 37.69 0.19 -3.35 14.61 0.2 2.91 0.06 -1.89 417 -1
19.74 0.21 47.06 0.06 -1.87 4.48 0.13 21.49 0.33 -2.54 10.12 0.19 6.0 0.17 -2.08 486 -1
20.48 0.17 57.7 0.08 -2.1 5.32 0.09 43.31 0.4 -2.9 15.32 0.19 4.4 0.15 -2.0 183 -1
14.65 0.12 61.25 0.24 -2.33 8.54 0.04 43.22 0.27 -3.47 16.99 0.15 5.62 0.13 -2.23 315 -1
2.58 0.13 54.39 0.59 -2.29 13.79 0.09 37.75 0.1 -2.84 15.79 0.1 10.47 0.09 -2.54 430 -1
7.3 0.11 55.08 0.36 -2.4 7.77 0.05 37.37 0.19 -3.35 15.35 0.15 4.03 0.11 -2.19 314 -1
16.66 0.11 60.25 0.15 -2.37 4.07 0.05 37.1 0.38 -3.21 17.77 0.17 5.05 0.07 -2.02 562 -1
21.89 0.18 58.39 0.1 -2.06 6.51 0.09 40.15 0.31 -2.91 13.87 0.13 5.04 0.15 -2.26 251 -1
15.52 0.45 15.62 0.07 -1.2 6.51 0.2 7.96 0.27 -1.81 5.08 0.14 11.54 0.36 -2.26 58 -1
14.46 0.11 62.44 0.29 -2.48 8.07 0.04 50.53 0.33 -3.41 18.4 0.16 8.52 0.11 -2.25 278 -1
1.82 0.15 47.87 0.58 -2.18 11.61 0.09 15.04 0.09 -2.79 15.33 0.1 7.21 0.12 -2.57 392 -1
3.9 0.17 61.75 0.44 -2.07 9.26 0.05 25.96 0.18 -3.28 16.27 0.16 3.98 0.08 -2.08 348 -1
14.14 0.14 59.36 0.16 -2.13 4.16 0.07 33.4 0.31 -3.06 15.53 0.17 3.52 0.07 -1.94 372 -1
18.27 0.17 43.03 0.12 -2.21 5.52 0.1 40.76 0.34 -2.76 10.9 0.14 20.16 0.19 -2.38 450 -1
4.78 0.15 38.96 0.4 -2.31 15.26 0.2 45.23 0.11 -2.19 11.34 0.08 30.0 0.14 -2.71 428 -1
5.75 0.08 40.21 0.39 -2.84 8.95 0.06 41.71 0.24 -3.19 14.66 0.09 14.37 0.14 -2.66 358 -1
6.85 0.08 47.46 0.29 -2.7 4.35 0.05 41.21 0.42 -3.29 9.56 0.09 26.83 0.19 -2.65 452 -1
11.06 0.19 37.14 0.13 -2.11 6.76 0.14 22.67 0.31 -2.36 4.84 0.07 26.67 0.42 -2.83 94 -1
12.13 0.43 7.54 0.09 -1.02 6.34 0.34 5.09 0.21 -1.33 2.68 0.16 14.69 0.52 -2.07 182 -1
17.79 0.22 39.16 0.09 -1.91 6.67 0.13 35.42 0.25 -2.42 7.47 0.15 6.42 0.3 -2.22 257 -1
17.77 0.13 51.88 0.17 -2.43 6.47 0.08 48.57 0.3 -3.0 13.71 0.11 10.82 0.16 -2.41 606 -1
5.1 0.11 45.39 0.46 -2.56 13.16 0.13 53.92 0.15 -2.57 14.79 0.1 27.27 0.11 -2.59 463 -1
4.11 0.09 44.94 0.47 -2.74 10.03 0.07 35.25 0.21 -3.09 12.62 0.07 24.26 0.16 -2.86 421 -1
10.74 0.06 55.14 0.21 -3.07 6.93 0.04 31.96 0.34 -3.54 8.56 0.06 16.65 0.25 -2.99 261 -1
11.26 0.42 7.62 0.1 -1.09 10.85 0.34 5.25 0.13 -1.28 1.96 0.16 18.41 0.57 -2.13 98 -1
13.47 0.41 7.16 0.08 -1.14 6.06 0.3 6.82 0.23 -1.53 3.19 0.17 12.14 0.46 -2.0 194 -1
19.42 0.24 42.62 0.09 -1.88 6.3 0.17 52.56 0.24 -2.32 7.82 0.16 25.82 0.23 -2.23 178 -1
17.63 0.19 33.44 0.15 -2.13 7.03 0.14 28.72 0.32 -2.34 12.82 0.13 15.17 0.12 -2.47 430 -1
9.78 0.09 42.97 0.35 -2.66 11.37 0.09 41.23 0.19 -2.9 13.67 0.08 13.85 0.14 -2.83 558 -1
4.58 0.08 50.52 0.47 -2.67 11.6 0.06 50.72 0.16 -3.11 18.67 0.13 11.06 0.08 -2.39 340 -1
12.24 0.06 49.39 0.22 -2.99 10.18 0.05 36.25 0.25 -3.33 8.61 0.07 18.09 0.29 -2.89 516 -1
13.42 0.43 5.12 0.08 -1.04 7.87 0.3 7.19 0.2 -1.47 2.91 0.15 13.29 0.53 -2.24 327 -1
17.14 0.14 50.83 0.17 -2.27 7.85 0.09 36.34 0.26 -2.79 13.58 0.09 7.66 0.19 -2.61 424 -1
6.01 0.09 43.76 0.44 -2.73 13.11 0.1 47.15 0.15 -2.87 15.14 0.08 18.15 0.12 -2.79 465 -1
3.7 0.14 28.69 0.41 -2.41 13.01 0.12 44.23 0.13 -2.57 10.96 0.07 22.96 0.2 -2.89 473 -1
10.47 0.06 49.47 0.26 -2.96 7.92 0.03 34.02 0.3 -3.6 11.47 0.08 12.89 0.18 -2.81 332 -1
14.39 0.13 46.2 0.1 -2.43 4.86 0.08 35.72 0.38 -2.89 9.53 0.1 15.07 0.27 -2.56 275 -1
15.33 0.36 3.91 0.07 -1.32 5.54 0.24 3.8 0.28 -1.76 5.35 0.15 6.7 0.42 -2.15 264 -1
14.35 0.34 14.03 0.07 -1.4 5.06 0.2 13.7 0.33 -1.94 5.8 0.11 10.99 0.39 -2.41 257 -1
16.65 0.56 14.72 0.06 -1.03 7.26 0.33 13.24 0.19 -1.49 3.4 0.31 10.87 0.4 -1.57 546 -1
16.56 0.13 42.89 0.16 -2.41 9.84 0.09 24.53 0.18 -2.9 8.92 0.11 16.41 0.31 -2.62 881 -1
4.22 0.13 47.15 0.49 -2.42 16.07 0.13 37.79 0.11 -2.56 14.47 0.08 24.29 0.1 -2.71 549 -1
3.84 0.12 43.86 0.49 -2.49 12.88 0.11 41.79 0.16 -2.69 13.48 0.08 19.01 0.14 -2.77 456 -1
6.97 0.07 46.96 0.39 -2.94 6.13 0.04 35.01 0.34 -3.52 8.71 0.07 14.92 0.27 -2.86 318 -1
14.32 0.13 50.27 0.1 -2.37 5.07 0.07 47.86 0.36 -3.0 7.29 0.08 8.87 0.3 -2.78 248 -1
13.11 0.31 8.02 0.08 -1.47 6.4 0.26 5.68 0.24 -1.74 4.27 0.15 13.37 0.52 -2.3 303 -1
17.08 0.19 43.21 0.1 -2.04 7.4 0.12 19.16 0.22 -2.56 6.75 0.13 10.55 0.36 -2.39 767 -1
17.64 0.15 45.38 0.13 -2.26 6.27 0.1 42.29 0.32 -2.68 13.46 0.15 8.37 0.17 -2.27 672 -1
4.22 0.12 42.47 0.46 -2.48 14.69 0.13 46.61 0.12 -2.61 15.55 0.1 18.88 0.1 -2.57 368 -1
6.62 0.07 45.28 0.33 -2.91 7.26 0.05 41.79 0.22 -3.35 11.61 0.07 18.01 0.19 -2.88 304 -1
11.76 0.07 58.4 0.2 -2.88 4.51 0.04 39.95 0.37 -3.59 11.38 0.09 13.14 0.17 -2.65 319 -1
11.51 0.16 24.47 0.12 -2.15 6.15 0.1 17.62 0.34 -2.56 5.82 0.07 12.43 0.38 -2.79 296 -1
17.55 0.25 23.6 0.07 -1.77 7.74 0.15 12.64 0.25 -2.2 6.0 0.13 12.05 0.39 -2.35 300 -1
6.25 0.12 44.21 0.44 -2.48 14.79 0.17 52.1 0.15 -2.41 15.43 0.1 20.34 0.1 -2.59 688 -1
5.32 0.1 41.5 0.41 -2.59 11.51 0.11 47.44 0.2 -2.7 13.02 0.07 22.3 0.15 -2.84 447 -1
6.54 0.07 48.0 0.42 -2.87 7.01 0.06 34.64 0.32 -3.22 11.03 0.07 23.35 0.26 -2.92 512 -1
10.21 0.08 48.91 0.19 -2.78 5.15 0.06 32.44 0.38 -3.28 6.4 0.08 16.4 0.36 -2.79 240 -1
9.08 0.25 11.48 0.17 -1.71 8.49 0.19 9.64 0.26 -1.93 5.13 0.07 19.15 0.36 -2.93 334 -1
16.25 0.16 37.59 0.11 -2.29 11.27 0.11 28.04 0.18 -2.61 4.89 0.1 22.27 0.43 -2.58 434 -1
15.3 0.13 35.94 0.2 -2.33 11.38 0.1 32.55 0.23 -2.67 10.22 0.08 14.49 0.27 -2.76 557 -1
4.0 0.13 43.67 0.48 -2.41 13.27 0.12 42.2 0.14 -2.55 12.95 0.08 22.38 0.14 -2.75 455 -1
5.82 0.08 40.04 0.37 -2.76 5.86 0.05 25.05 0.37 -3.19 11.28 0.08 20.97 0.19 -2.81 459 -1
11.05 0.09 49.08 0.17 -2.64 4.72 0.07 45.65 0.35 -3.05 5.6 0.07 11.44 0.39 -2.85 429 -1
8.53 0.18 5.63 0.16 -1.95 6.26 0.14 6.15 0.35 -2.18 5.1 0.07 10.53 0.37 -2.78 365 -1
10.25 0.49 17.72 0.11 -1.08 9.5 0.53 20.82 0.12 -1.03 1.22 0.33 16.38 0.77 -1.7 238 -1
18.95 0.45 25.52 0.05 -1.15 6.25 0.22 13.06 0.26 -1.82 6.16 0.21 4.64 0.31 -1.89 55 -1
22.26 0.25 48.81 0.06 -1.57 3.89 0.15 32.55 0.38 -2.17 12.01 0.17 5.75 0.14 -1.98 255 -1
10.96 0.11 43.04 0.34 -2.42 10.2 0.08 49.27 0.23 -2.77 17.63 0.11 8.54 0.07 -2.39 567 -1
2.54 0.16 45.27 0.57 -2.17 13.96 0.13 41.36 0.09 -2.5 16.29 0.12 11.69 0.08 -2.4 343 -1
6.11 0.09 55.58 0.44 -2.55 8.95 0.06 44.6 0.22 -3.24 17.46 0.14 9.91 0.09 -2.27 341 -1
17.32 0.16 52.27 0.11 -2.18 8.85 0.07 26.2 0.25 -3.04 9.77 0.11 7.27 0.34 -2.44 422 -1
18.51 0.3 50.65 0.08 -1.68 5.95 0.15 31.83 0.29 -2.33 8.51 0.15 6.44 0.25 -2.21 332 -1
12.06 0.14 34.79 0.35 -2.28 11.71 0.09 26.15 0.17 -2.72 14.84 0.1 9.94 0.12 -2.53 517 -1
2.29 0.15 41.61 0.59 -2.31 12.44 0.12 30.54 0.13 -2.65 13.19 0.08 12.55 0.13 -2.7 403 -1
6.9 0.07 59.24 0.36 -2.77 6.72 0.04 38.46 0.3 -3.54 12.75 0.11 13.04 0.14 -2.52 312 -1
18.36 0.23 49.06 0.08 -1.92 9.03 0.13 22.66 0.21 -2.54 6.06 0.13 9.03 0.4 -2.31 295 -1
17.0 0.67 3.9 0.06 -0.72 4.94 0.39 3.78 0.23 -1.37 4.79 0.46 4.6 0.26 -1.19 505 -1
18.92 0.17 37.81 0.12 -2.08 7.41 0.09 26.95 0.3 -2.67 10.73 0.11 6.07 0.22 -2.48 600 -1
5.5 0.1 52.75 0.5 -2.54 10.31 0.07 39.18 0.22 -3.06 16.59 0.11 11.87 0.1 -2.44 269 -1
12.69 0.08 57.54 0.25 -2.76 8.59 0.04 37.42 0.23 -3.44 11.91 0.12 13.36 0.23 -2.45 278 -1
15.07 0.33 32.2 0.08 -1.71 9.86 0.21 31.7 0.19 -2.09 2.83 0.17 25.91 0.54 -2.09 255 -1
15.79 0.7 3.75 0.06 -0.66 7.32 0.39 3.79 0.16 -1.25 2.67 0.34 7.03 0.42 -1.38 524 -1
19.45 0.27 32.02 0.09 -1.67 4.93 0.16 20.32 0.33 -2.25 9.68 0.19 5.04 0.2 -2.11 786 -1
15.56 0.14 43.31 0.26 -2.25 11.09 0.1 32.06 0.19 -2.73 12.07 0.1 3.35 0.2 -2.56 579 -1
4.07 0.13 48.97 0.58 -2.34 12.51 0.08 44.76 0.13 -2.94 13.93 0.08 10.89 0.11 -2.66 368 -1
10.25 0.07 56.73 0.27 -2.85 7.79 0.03 39.72 0.26 -3.65 11.3 0.1 19.0 0.22 -2.59 361 -1
19.07 0.2 45.41 0.07 -1.92 11.65 0.13 21.1 0.16 -2.34 5.05 0.13 13.65 0.47 -2.34 141 -1
16.93 0.32 45.96 0.08 -1.67 7.99 0.2 28.05 0.2 -2.11 5.76 0.18 5.69 0.36 -2.1 490 -1
12.32 0.13 39.9 0.34 -2.33 10.02 0.08 25.92 0.18 -2.85 10.67 0.1 13.75 0.19 -2.6 702 -1
5.51 0.15 41.59 0.51 -2.27 13.6 0.14 46.57 0.15 -2.59 16.43 0.11 11.69 0.09 -2.46 475 -1
2.97 0.12 41.48 0.54 -2.51 11.47 0.07 39.72 0.2 -3.03 12.4 0.08 12.84 0.16 -2.74 595 -1
13.58 0.07 60.3 0.19 -2.87 8.17 0.04 27.87 0.25 -3.63 9.54 0.08 16.49 0.25 -2.71 448 -1
16.75 0.35 37.98 0.07 -1.6 11.4 0.22 16.19 0.15 -1.97 3.01 0.2 15.15 0.55 -1.96 52 -1
19.32 0.25 48.46 0.06 -1.79 7.94 0.17 25.25 0.22 -2.37 6.09 0.22 5.24 0.35 -1.98 57 -1
17.94 0.44 7.8 0.06 -1.27 7.9 0.29 6.96 0.17 -1.74 3.91 0.27 5.8 0.39 -1.81 617 -1
14.82 0.1 44.13 0.25 -2.54 10.4 0.07 35.97 0.24 -2.98 14.61 0.11 11.58 0.17 -2.48 588 -1
6.95 0.12 46.73 0.48 -2.44 13.24 0.08 48.61 0.15 -2.95 15.63 0.09 17.51 0.14 -2.69 451 -1
5.97 0.09 54.17 0.46 -2.66 9.57 0.05 39.65 0.23 -3.34 15.13 0.11 9.2 0.13 -2.57 269 -1
19.74 0.13 59.86 0.08 -2.29 8.07 0.06 47.39 0.27 -3.19 8.75 0.15 13.52 0.27 -2.22 408 -1
16.09 0.35 19.93 0.07 -1.53 11.08 0.28 17.27 0.16 -1.76 3.13 0.18 15.21 0.56 -2.03 142 -1
17.84 0.43 11.48 0.06 -1.29 7.85 0.21 8.39 0.23 -1.96 4.85 0.17 7.46 0.4 -2.13 143 -1
17.93 0.16 43.25 0.17 -2.25 9.68 0.11 25.87 0.21 -2.67 11.0 0.13 11.07 0.2 -2.39 722 -1
8.37 0.11 54.44 0.47 -2.5 12.41 0.07 49.8 0.16 -2.99 17.16 0.11 15.52 0.11 -2.52 545 -1
8.2 0.1 52.97 0.44 -2.57 10.86 0.05 25.39 0.16 -3.26 14.38 0.1 10.96 0.15 -2.55 300 -1
20.36 0.16 51.07 0.07 -2.14 9.9 0.11 33.62 0.18 -2.77 6.92 0.11 8.16 0.34 -2.41 238 -1
18.21 0.25 36.13 0.06 -1.8 9.14 0.14 16.28 0.23 -2.3 5.97 0.11 13.65 0.4 -2.36 156 -1
17.02 0.34 32.51 0.07 -1.62 9.09 0.16 20.59 0.2 -2.21 4.5 0.14 16.11 0.45 -2.25 67 -1
17.22 0.57 14.28 0.06 -0.99 6.67 0.28 8.08 0.24 -1.74 5.14 0.26 8.49 0.36 -1.81 98 -1
12.24 0.11 48.63 0.37 -2.38 11.59 0.09 32.28 0.18 -2.82 14.45 0.09 10.11 0.14 -2.51 784 -1
6.67 0.1 51.7 0.48 -2.53 13.94 0.1 54.6 0.15 -2.9 18.56 0.13 15.09 0.08 -2.41 301 -1
8.45 0.09 51.95 0.44 -2.66 10.73 0.05 42.01 0.22 -3.27 14.5 0.11 8.09 0.14 -2.58 279 -1
12.99 0.09 49.84 0.14 -2.68 7.02 0.06 30.19 0.28 -3.24 7.99 0.12 11.05 0.28 -2.35 297 -1
16.98 0.32 47.33 0.08 -1.66 8.13 0.16 24.76 0.23 -2.25 5.72 0.12 8.18 0.39 -2.33 322 -1
15.63 0.12 55.66 0.12 -2.48 7.1 0.07 18.58 0.31 -3.04 8.39 0.1 9.02 0.28 -2.54 507 -1
10.01 0.09 43.39 0.28 -2.67 12.38 0.11 41.85 0.22 -2.83 11.81 0.07 22.31 0.17 -2.94 170 -1
3.39 0.14 39.26 0.49 -2.38 11.79 0.12 35.4 0.15 -2.58 11.98 0.07 26.52 0.16 -2.85 374 -1
8.24 0.08 45.78 0.26 -2.79 3.79 0.06 40.52 0.49 -3.12 6.71 0.11 27.65 0.27 -2.63 301 -1
10.43 0.29 12.75 0.12 -1.61 8.94 0.22 9.47 0.19 -1.79 2.96 0.12 15.5 0.47 -2.37 273 -1
8.65 0.68 3.98 0.12 -0.65 8.11 0.66 2.06 0.13 -0.67 0.57 0.47 15.16 0.82 -1.24 319 -1
12.6 0.47 4.56 0.08 -0.84 5.78 0.44 3.55 0.19 -1.01 2.57 0.25 6.37 0.51 -1.62 45 -1
16.17 0.45 8.34 0.06 -1.23 8.38 0.27 7.82 0.16 -1.75 3.29 0.22 9.36 0.47 -1.94 77 -1
17.01 0.19 49.78 0.12 -2.2 6.96 0.12 38.8 0.26 -2.63 8.93 0.12 10.77 0.25 -2.41 346 -1
9.76 0.11 40.24 0.32 -2.49 12.53 0.11 38.19 0.17 -2.72 12.41 0.08 17.64 0.12 -2.72 473 -1
4.01 0.12 39.79 0.5 -2.52 13.93 0.09 47.02 0.12 -2.86 13.05 0.08 12.13 0.14 -2.79 522 -1
10.03 0.06 57.01 0.28 -2.91 6.48 0.03 44.85 0.28 -3.59 14.49 0.1 14.59 0.17 -2.64 425 -1
17.3 0.16 43.61 0.09 -2.12 7.07 0.1 32.34 0.31 -2.56 7.99 0.08 16.04 0.33 -2.78 141 -1
10.93 0.38 6.98 0.1 -1.38 6.46 0.32 3.9 0.23 -1.55 2.98 0.18 13.1 0.58 -2.15 161 -1
12.86 0.47 7.92 0.08 -0.86 5.75 0.44 6.12 0.19 -1.0 2.57 0.24 14.69 0.47 -1.69 312 -1
16.93 0.3 41.38 0.08 -1.73 5.89 0.16 22.42 0.25 -2.32 6.56 0.16 6.79 0.29 -2.26 575 -1
14.47 0.14 27.31 0.23 -2.38 8.58 0.08 30.04 0.26 -2.82 12.77 0.08 16.46 0.14 -2.76 328 -1
3.61 0.12 43.47 0.51 -2.5 15.32 0.13 37.03 0.1 -2.68 14.09 0.08 20.57 0.12 -2.75 368 -1
7.15 0.07 56.69 0.39 -2.88 9.58 0.04 33.31 0.19 -3.55 13.58 0.09 10.99 0.13 -2.7 338 -1
17.02 0.23 42.83 0.08 -1.91 8.81 0.17 28.48 0.19 -2.26 5.65 0.14 14.39 0.38 -2.32 446 -1
13.51 0.36 41.23 0.21 -1.69 8.96 0.2 24.06 0.15 -2.22 6.25 0.2 8.71 0.31 -2.18 568 -1
13.86 0.12 38.72 0.26 -2.51 9.33 0.09 42.59 0.27 -2.81 13.99 0.09 9.53 0.13 -2.68 417 -1
4.53 0.08 47.39 0.43 -2.79 11.94 0.08 52.32 0.15 -3.04 13.43 0.07 11.88 0.13 -2.86 444 -1
8.79 0.07 46.74 0.39 -2.84 9.64 0.05 53.16 0.19 -3.26 11.89 0.09 12.18 0.17 -2.67 276 -1
16.37 0.24 42.8 0.07 -1.78 8.27 0.18 28.05 0.24 -2.16 5.16 0.13 15.11 0.46 -2.37 346 -1
14.9 0.3 35.61 0.11 -1.71 9.48 0.19 20.74 0.2 -2.09 5.21 0.13 11.47 0.43 -2.43 99 -1
14.86 0.17 22.68 0.13 -2.18 9.03 0.11 19.71 0.27 -2.55 8.19 0.09 18.84 0.29 -2.72 739 -1
8.72 0.1 49.07 0.44 -2.61 11.26 0.08 51.41 0.18 -2.92 15.36 0.11 17.71 0.11 -2.54 669 -1
1.87 0.16 34.19 0.58 -2.25 12.12 0.12 20.7 0.12 -2.48 10.53 0.08 16.77 0.18 -2.74 316 -1
10.74 0.07 55.44 0.32 -2.86 8.8 0.04 47.16 0.25 -3.45 15.01 0.1 14.87 0.15 -2.68 320 -1
18.7 0.23 43.48 0.06 -1.79 9.82 0.17 27.36 0.17 -2.21 4.51 0.16 8.51 0.47 -2.23 403 -1
13.96 0.44 35.5 0.08 -1.16 7.64 0.38 25.21 0.16 -1.38 2.68 0.22 13.05 0.51 -1.84 201 -1
18.44 0.24 39.76 0.08 -1.83 6.79 0.14 33.87 0.24 -2.29 6.87 0.15 9.16 0.3 -2.18 226 -1
15.34 0.34 28.52 0.07 -1.47 9.17 0.27 22.29 0.16 -1.76 3.1 0.17 12.28 0.49 -2.13 84 -1
18.15 0.44 34.24 0.06 -1.23 7.63 0.24 23.77 0.17 -1.83 4.24 0.28 12.43 0.34 -1.73 805 -1
11.55 0.11 41.33 0.28 -2.55 11.4 0.1 46.38 0.24 -2.79 14.37 0.08 21.2 0.12 -2.74 685 -1
2.62 0.1 33.3 0.51 -2.6 12.28 0.1 25.7 0.13 -2.8 13.82 0.08 19.84 0.13 -2.77 203 -1
12.68 0.08 54.17 0.27 -2.81 6.19 0.04 44.38 0.33 -3.39 15.39 0.11 5.21 0.14 -2.6 324 -1
16.41 0.26 15.92 0.07 -1.71 8.19 0.17 17.51 0.24 -2.12 4.83 0.11 25.86 0.46 -2.49 466 -1
13.55 0.45 3.96 0.08 -1.0 7.67 0.38 3.88 0.15 -1.28 2.16 0.23 7.6 0.53 -1.72 508 -1
16.83 0.22 28.2 0.1 -2.02 7.8 0.14 15.2 0.25 -2.46 8.02 0.12 12.18 0.31 -2.5 874 -1
10.86 0.07 46.4 0.32 -2.84 9.93 0.07 49.91 0.25 -3.12 16.59 0.09 14.44 0.1 -2.6 507 -1
5.19 0.09 52.57 0.49 -2.7 10.61 0.07 45.95 0.16 -3.1 14.69 0.1 13.95 0.13 -2.63 464 -1
9.71 0.09 57.49 0.36 -2.62 10.01 0.04 47.41 0.25 -3.36 17.95 0.12 13.04 0.1 -2.43 333 -1
15.24 0.19 36.81 0.09 -2.09 9.34 0.18 20.95 0.19 -2.35 4.41 0.13 17.53 0.47 -2.45 434 -1
13.92 0.52 5.94 0.07 -0.78 6.99 0.47 4.02 0.16 -0.98 2.09 0.27 4.16 0.52 -1.54 534 -1
16.02 0.64 3.94 0.06 -0.76 5.13 0.43 3.79 0.22 -1.16 4.29 0.35 4.41 0.31 -1.46 414 -1
14.6 0.37 10.91 0.07 -1.3 8.96 0.31 9.77 0.17 -1.67 2.92 0.2 14.4 0.54 -1.94 493 -1
15.37 0.14 37.26 0.16 -2.35 10.25 0.1 35.93 0.2 -2.68 9.53 0.1 6.09 0.28 -2.63 497 -1
4.31 0.16 33.85 0.42 -2.33 15.73 0.18 45.19 0.1 -2.31 11.63 0.08 23.36 0.17 -2.73 445 -1
3.5 0.14 21.17 0.43 -2.31 8.66 0.1 28.38 0.25 -2.62 9.29 0.07 23.59 0.22 -2.84 363 -1
10.29 0.06 52.75 0.25 -2.99 4.53 0.04 33.69 0.43 -3.49 9.28 0.1 12.66 0.26 -2.62 259 -1
13.63 0.26 43.21 0.09 -1.83 6.84 0.16 41.13 0.27 -2.22 4.93 0.12 14.38 0.38 -2.32 351 -1
17.73 0.13 51.15 0.13 -2.36 9.16 0.07 43.43 0.19 -2.95 7.31 0.11 11.67 0.33 -2.43 139 -1
19.7 0.4 16.44 0.05 -1.28 6.71 0.22 5.67 0.19 -1.89 5.25 0.26 11.72 0.3 -1.76 610 -1
13.0 0.12 40.8 0.3 -2.31 8.47 0.08 42.77 0.29 -2.78 16.33 0.11 9.42 0.08 -2.35 396 -1
1.99 0.19 42.88 0.61 -1.98 14.14 0.16 36.7 0.1 -2.28 15.16 0.11 12.29 0.08 -2.43 424 -1
2.05 0.13 33.78 0.58 -2.37 10.37 0.1 33.34 0.13 -2.76 13.66 0.11 9.02 0.14 -2.54 437 -1
15.17 0.09 54.33 0.14 -2.69 8.05 0.05 34.67 0.28 -3.3 10.8 0.1 10.56 0.27 -2.53 511 -1
16.58 0.36 9.57 0.06 -1.5 9.94 0.19 8.44 0.17 -1.93 3.44 0.15 15.18 0.48 -2.16 246 -1
16.76 0.62 3.93 0.06 -0.83 7.74 0.33 3.88 0.19 -1.48 3.65 0.27 9.19 0.44 -1.79 440 -1
15.78 0.1 56.27 0.16 -2.63 10.54 0.06 28.51 0.17 -3.2 8.41 0.09 19.09 0.34 -2.61 293 -1
21.6 0.17 49.67 0.1 -2.02 7.07 0.1 29.51 0.25 -2.71 9.52 0.13 11.47 0.21 -2.31 606 -1
13.54 0.12 41.12 0.33 -2.36 10.04 0.08 40.29 0.23 -2.86 14.09 0.08 12.95 0.13 -2.71 458 -1
2.15 0.17 44.15 0.56 -2.2 14.96 0.15 37.27 0.1 -2.39 16.05 0.11 15.62 0.08 -2.4 485 -1
3.8 0.12 51.68 0.54 -2.4 10.34 0.07 55.54 0.18 -2.95 17.24 0.15 10.65 0.08 -2.19 405 -1
15.28 0.09 59.38 0.18 -2.55 8.32 0.04 36.04 0.3 -3.33 14.39 0.13 11.58 0.2 -2.43 378 -1
17.98 0.19 42.23 0.06 -2.02 9.63 0.11 29.7 0.2 -2.53 6.18 0.1 19.25 0.41 -2.55 464 -1
15.86 0.1 51.58 0.19 -2.56 7.55 0.06 36.48 0.31 -3.11 7.76 0.12 8.77 0.3 -2.34 147 -1
20.8 0.3 20.67 0.05 -1.43 8.14 0.16 12.26 0.21 -2.1 6.25 0.22 7.44 0.35 -1.94 844 -1
9.83 0.13 44.1 0.42 -2.33 12.8 0.13 32.33 0.17 -2.69 14.79 0.1 12.43 0.11 -2.57 639 -1
2.78 0.16 43.32 0.56 -2.21 13.39 0.14 37.22 0.12 -2.53 14.99 0.1 19.42 0.09 -2.51 595 -1
6.8 0.08 49.61 0.42 -2.69 10.16 0.06 31.75 0.27 -3.22 13.05 0.08 18.46 0.12 -2.71 350 -1
14.63 0.13 45.15 0.1 -2.41 8.06 0.08 36.18 0.31 -2.89 6.35 0.11 10.25 0.34 -2.39 524 -1
17.37 0.32 41.33 0.06 -1.49 9.72 0.21 31.91 0.19 -1.92 4.53 0.16 12.09 0.49 -2.19 278 -1
19.48 0.17 55.85 0.07 -2.13 10.03 0.12 45.88 0.21 -2.66 5.3 0.14 25.75 0.43 -2.22 105 -1
17.42 0.22 36.86 0.15 -1.88 11.42 0.15 21.76 0.13 -2.29 6.77 0.2 9.58 0.33 -2.14 684 -1
12.09 0.11 41.53 0.34 -2.43 11.0 0.1 33.45 0.15 -2.72 13.23 0.12 12.82 0.11 -2.38 377 -1
7.94 0.1 48.09 0.47 -2.55 10.75 0.06 51.78 0.2 -3.16 16.96 0.12 13.25 0.08 -2.41 293 -1
4.54 0.1 54.08 0.52 -2.6 9.91 0.07 47.35 0.22 -3.11 13.24 0.11 15.25 0.13 -2.52 423 -1
18.28 0.12 59.43 0.1 -2.46 5.6 0.06 28.26 0.31 -3.25 9.46 0.1 14.87 0.19 -2.52 343 -1
16.62 0.33 22.68 0.07 -1.44 8.18 0.21 11.85 0.25 -1.88 5.39 0.13 10.47 0.45 -2.29 418 -1
16.55 0.63 3.85 0.06 -0.82 7.0 0.42 3.26 0.2 -1.29 3.85 0.34 4.53 0.42 -1.49 812 -1
18.5 0.2 46.52 0.1 -2.01 11.82 0.14 32.34 0.16 -2.38 4.39 0.13 13.91 0.48 -2.34 267 -1
17.74 0.16 35.53 0.17 -2.17 11.71 0.11 16.02 0.14 -2.57 7.81 0.11 9.36 0.34 -2.57 780 -1
15.42 0.12 49.63 0.28 -2.46 7.61 0.06 39.04 0.32 -3.06 14.11 0.11 10.86 0.14 -2.5 607 -1
8.64 0.1 49.59 0.42 -2.53 10.46 0.08 49.59 0.23 -2.97 16.57 0.11 16.78 0.1 -2.54 340 -1
7.72 0.08 56.13 0.41 -2.81 8.61 0.04 49.46 0.22 -3.41 11.72 0.1 15.01 0.17 -2.59 153 -1
17.04 0.16 54.51 0.09 -2.25 5.78 0.08 30.28 0.38 -2.88 9.12 0.12 17.97 0.25 -2.33 372 -1
15.71 0.41 7.46 0.07 -1.28 8.42 0.22 5.31 0.2 -1.81 4.05 0.16 11.54 0.46 -2.11 160 -1
17.73 0.25 46.69 0.17 -1.78 8.55 0.17 21.44 0.2 -2.31 7.48 0.13 5.47 0.28 -2.4 721 -1
8.54 0.13 51.79 0.47 -2.39 11.69 0.1 37.51 0.16 -2.88 14.01 0.09 10.97 0.12 -2.62 445 -1
6.19 0.11 49.13 0.4 -2.54 8.71 0.07 43.59 0.26 -3.04 15.93 0.1 14.62 0.1 -2.52 422 -1
9.4 0.07 56.23 0.34 -2.87 6.79 0.04 53.07 0.28 -3.43 9.72 0.11 12.18 0.2 -2.49 448 -1
19.07 0.22 26.11 0.06 -1.89 10.86 0.13 11.72 0.21 -2.41 6.21 0.1 21.75 0.4 -2.6 524 -1
17.0 0.39 3.67 0.06 -1.38 9.01 0.19 3.87 0.19 -1.91 4.13 0.16 17.17 0.44 -2.18 671 -1
18.25 0.49 21.93 0.06 -1.14 14.23 0.37 24.38 0.08 -1.39 1.23 0.33 23.29 0.72 -1.52 484 -1
18.82 0.29 40.72 0.1 -1.65 8.32 0.22 20.16 0.17 -2.16 5.36 0.2 16.09 0.34 -2.12 663 -1
9.47 0.1 44.23 0.38 -2.55 10.69 0.08 33.11 0.18 -3.02 15.32 0.09 11.88 0.11 -2.59 701 -1
4.66 0.12 47.57 0.53 -2.39 10.23 0.07 53.03 0.2 -2.93 14.55 0.11 14.94 0.12 -2.45 309 -1
10.21 0.1 55.51 0.22 -2.58 4.18 0.05 35.02 0.47 -3.29 10.67 0.12 7.23 0.16 -2.44 405 -1
18.97 0.15 49.36 0.06 -2.12 7.28 0.08 28.12 0.35 -2.71 8.59 0.09 11.59 0.3 -2.55 284 -1
20.24 0.31 10.67 0.05 -1.43 7.98 0.23 9.09 0.23 -1.91 5.95 0.25 10.47 0.38 -1.96 644 -1
21.39 0.19 50.13 0.13 -2.01 5.89 0.1 31.97 0.35 -2.67 15.61 0.13 6.24 0.14 -2.28 550 -1
5.54 0.12 51.34 0.52 -2.39 12.07 0.09 46.7 0.15 -2.83 16.41 0.11 6.87 0.09 -2.48 354 -1
7.31 0.08 59.4 0.37 -2.64 5.78 0.04 29.59 0.29 -3.46 15.33 0.11 4.03 0.12 -2.4 446 -1
12.89 0.12 46.78 0.15 -2.54 9.5 0.09 25.99 0.25 -2.97 6.63 0.1 7.37 0.39 -2.49 373 -1
17.59 0.59 3.82 0.06 -0.85 7.83 0.49 2.76 0.16 -1.14 3.4 0.39 11.12 0.43 -1.54 575 -1
19.75 0.41 3.94 0.05 -1.12 2.99 0.22 3.64 0.39 -1.76 9.91 0.24 4.11 0.14 -1.74 243 -1
10.57 0.11 47.45 0.42 -2.38 11.56 0.08 43.83 0.2 -2.79 15.33 0.09 10.97 0.08 -2.59 526 -1
6.11 0.11 50.96 0.55 -2.42 13.9 0.12 59.98 0.14 -2.58 17.64 0.18 10.47 0.09 -2.13 281 -1
15.03 0.12 56.36 0.25 -2.47 7.23 0.07 51.52 0.24 -3.0 13.51 0.14 11.99 0.14 -2.23 172 -1
20.29 0.34 42.98 0.05 -1.34 4.55 0.18 30.3 0.33 -2.01 8.78 0.21 3.56 0.18 -1.81 410 -1
22.02 0.29 45.15 0.05 -1.47 3.74 0.17 25.84 0.38 -2.07 11.48 0.23 3.61 0.12 -1.72 451 -1
18.02 0.58 8.45 0.05 -0.85 4.23 0.29 9.68 0.31 -1.53 6.87 0.24 4.38 0.22 -1.72 388 -1
19.78 0.26 23.85 0.09 -1.68 4.33 0.14 21.36 0.37 -2.34 10.7 0.16 6.42 0.15 -2.16 686 -1
9.62 0.13 48.57 0.44 -2.3 13.02 0.13 48.95 0.17 -2.61 16.55 0.09 12.5 0.08 -2.6 465 -1
2.64 0.17 40.55 0.63 -2.1 12.54 0.11 34.96 0.11 -2.55 15.04 0.15 14.1 0.1 -2.26 275 -1
17.71 0.14 49.23 0.14 -2.27 8.22 0.07 25.68 0.19 -2.9 11.39 0.14 4.2 0.24 -2.21 175 -1
19.15 0.32 33.07 0.09 -1.49 5.25 0.2 16.92 0.32 -2.01 9.69 0.24 3.47 0.18 -1.83 579 -1
10.64 0.12 49.55 0.42 -2.36 11.43 0.1 52.52 0.2 -2.75 15.99 0.11 14.75 0.1 -2.5 401 -1
3.93 0.14 39.06 0.61 -2.27 12.06 0.08 37.68 0.14 -2.83 15.23 0.13 6.1 0.12 -2.27 301 -1
20.48 0.16 50.28 0.08 -2.11 9.56 0.1 38.18 0.22 -2.61 8.0 0.13 13.51 0.34 -2.27 358 -1
22.07 0.27 9.83 0.05 -1.46 5.32 0.18 7.91 0.29 -1.96 8.45 0.22 4.98 0.19 -1.86 479 -1
20.83 0.2 50.58 0.1 -1.97 4.35 0.15 52.22 0.35 -2.35 13.41 0.22 4.5 0.1 -1.77 378 -1
10.97 0.11 43.92 0.37 -2.46 13.09 0.1 39.75 0.15 -2.8 13.95 0.08 13.21 0.13 -2.67 602 -1
3.87 0.17 21.9 0.58 -2.07 15.34 0.16 15.54 0.09 -2.24 14.5 0.11 15.3 0.08 -2.46 435 -1
8.1 0.11 40.64 0.45 -2.42 10.94 0.09 34.5 0.17 -2.81 16.42 0.12 17.48 0.11 -2.49 410 -1
19.88 0.19 45.97 0.07 -2.02 8.38 0.13 27.06 0.22 -2.45 9.32 0.12 6.77 0.33 -2.36 515 -1
19.34 0.41 13.45 0.05 -1.19 4.54 0.25 10.99 0.27 -1.77 6.78 0.3 7.32 0.2 -1.65 207 -1
25.75 0.36 53.36 0.04 -1.35 4.0 0.18 39.13 0.37 -2.03 13.8 0.17 5.63 0.11 -1.94 407 -1
19.63 0.28 32.1 0.08 -1.64 4.63 0.15 18.41 0.37 -2.28 10.42 0.18 5.49 0.18 -2.07 455 -1
14.92 0.12 45.78 0.27 -2.37 9.26 0.08 39.28 0.24 -2.92 13.42 0.12 10.01 0.1 -2.37 520 -1
3.43 0.19 42.55 0.52 -2.09 14.63 0.16 44.26 0.09 -2.35 12.78 0.09 11.85 0.11 -2.7 371 -1
5.15 0.11 51.4 0.5 -2.58 11.3 0.09 38.17 0.13 -2.92 12.9 0.09 17.42 0.15 -2.79 463 -1
17.49 0.15 44.88 0.11 -2.23 10.12 0.11 33.6 0.17 -2.68 7.71 0.13 7.45 0.32 -2.27 423 -1
22.19 0.27 52.75 0.1 -1.81 7.18 0.17 35.93 0.23 -2.4 11.76 0.18 5.99 0.14 -1.93 495 -1
19.23 0.39 14.93 0.05 -1.24 4.13 0.31 11.59 0.3 -1.68 8.27 0.31 3.74 0.18 -1.53 65 -1
15.82 0.15 46.07 0.24 -2.32 9.4 0.08 51.23 0.22 -2.85 14.55 0.11 11.26 0.13 -2.45 342 -1
16.07 0.2 51.68 0.2 -2.06 8.9 0.09 35.49 0.2 -2.73 12.72 0.12 5.39 0.18 -2.38 338 -1
20.81 0.22 47.53 0.05 -1.9 9.15 0.14 30.33 0.23 -2.39 7.86 0.1 12.39 0.34 -2.5 377 -1
19.92 0.42 15.0 0.05 -1.09 3.36 0.27 11.21 0.35 -1.61 8.96 0.25 3.9 0.15 -1.63 217 -1
23.99 0.25 52.75 0.06 -1.65 5.2 0.14 44.23 0.3 -2.33 11.29 0.16 4.36 0.14 -2.03 357 -1
16.36 0.18 22.51 0.28 -2.08 9.93 0.09 27.31 0.2 -2.67 13.07 0.1 11.96 0.19 -2.51 445 -1
14.24 0.16 51.96 0.3 -2.17 10.72 0.08 44.45 0.15 -2.89 12.46 0.1 8.92 0.18 -2.54 247 -1
23.6 0.28 18.52 0.06 -1.63 8.21 0.15 14.97 0.22 -2.23 8.74 0.14 7.76 0.29 -2.17 235 -1
23.1 0.36 9.73 0.04 -1.31 7.17 0.24 9.23 0.2 -1.75 6.21 0.31 8.75 0.22 -1.62 269 -1
24.55 0.47 49.51 0.04 -1.15 5.58 0.23 35.75 0.24 -1.82 9.32 0.23 4.26 0.14 -1.71 633 -1
19.39 0.38 18.27 0.09 -1.38 5.47 0.17 10.65 0.23 -2.08 13.18 0.19 4.55 0.13 -1.9 473 -1
18.87 0.49 3.97 0.05 -1.0 4.2 0.32 3.85 0.28 -1.46 6.69 0.38 4.64 0.19 -1.38 205 -1
22.92 0.49 24.53 0.09 -1.21 6.21 0.26 14.45 0.24 -1.78 10.3 0.3 4.27 0.12 -1.59 441 -1
18.86 0.34 27.79 0.17 -1.56 6.86 0.17 24.63 0.21 -2.23 12.62 0.18 4.41 0.13 -2.02 405 -1
14.78 0.12 54.91 0.23 -2.34 7.58 0.07 55.7 0.21 -2.9 14.68 0.15 5.51 0.14 -2.17 184 -1
22.2 0.43 5.03 0.04 -0.98 4.26 0.24 4.49 0.28 -1.56 8.37 0.39 4.73 0.13 -1.17 113 -1
26.08 0.44 52.96 0.04 -1.18 6.11 0.24 46.39 0.24 -1.72 10.41 0.17 4.65 0.17 -2.03 429 -1
25.32 0.28 52.89 0.05 -1.56 7.83 0.17 34.67 0.22 -2.13 9.08 0.17 5.16 0.23 -2.02 139 -1
11.37 0.11 60.17 0.18 -2.58 6.24 0.06 45.4 0.37 -3.14 5.33 0.13 18.05 0.36 -2.29 318 1
16.12 0.22 56.48 0.09 -2.03 8.98 0.16 43.51 0.22 -2.45 4.27 0.12 13.84 0.45 -2.34 267 1
18.82 0.3 36.99 0.06 -1.6 6.83 0.18 22.28 0.24 -2.11 5.99 0.16 9.43 0.34 -2.17 155 1
20.1 0.3 11.78 0.05 -1.52 6.9 0.16 9.07 0.25 -2.13 6.73 0.12 11.58 0.3 -2.36 161 1
14.93 0.13 55.12 0.12 -2.36 7.58 0.08 35.4 0.32 -2.99 5.78 0.11 18.16 0.38 -2.41 126 1
18.45 0.19 55.81 0.07 -2.02 7.12 0.1 46.41 0.31 -2.66 6.72 0.11 14.11 0.32 -2.39 78 1
18.49 0.13 51.93 0.13 -2.33 10.96 0.08 22.25 0.2 -2.95 8.21 0.1 8.25 0.36 -2.47 379 1
16.67 0.48 10.53 0.06 -1.17 6.62 0.31 8.17 0.21 -1.59 4.49 0.24 8.79 0.4 -1.83 197 1
13.73 0.12 57.62 0.13 -2.44 6.9 0.08 45.87 0.31 -3.03 5.62 0.13 18.11 0.37 -2.25 402 1
16.48 0.4 15.59 0.07 -1.42 8.03 0.28 13.87 0.19 -1.82 3.87 0.22 10.96 0.45 -1.97 362 1
15.57 0.16 48.86 0.08 -2.13 7.8 0.13 39.59 0.27 -2.59 6.06 0.1 10.28 0.42 -2.46 236 1
16.95 0.21 48.77 0.08 -2.01 8.82 0.13 34.44 0.23 -2.53 5.52 0.12 12.86 0.4 -2.36 163 1
13.81 0.27 13.69 0.09 -1.71 9.74 0.22 11.22 0.17 -1.94 3.55 0.12 18.23 0.5 -2.41 382 1
14.49 0.19 47.41 0.1 -2.07 7.46 0.13 27.83 0.27 -2.51 6.2 0.09 18.29 0.37 -2.63 138 1
15.78 0.26 44.46 0.08 -1.76 6.46 0.2 20.14 0.28 -2.25 6.32 0.15 7.53 0.4 -2.28 347 1
12.12 0.19 13.95 0.11 -1.98 6.87 0.13 13.41 0.29 -2.29 5.39 0.09 11.93 0.42 -2.59 339 1
11.47 0.33 25.03 0.11 -1.43 12.4 0.39 11.4 0.11 -1.31 2.49 0.16 21.09 0.53 -2.16 126 1
10.95 0.14 44.4 0.14 -2.31 7.46 0.11 23.16 0.27 -2.63 5.93 0.09 11.96 0.39 -2.62 262 1
15.02 0.1 55.4 0.14 -2.58 7.41 0.06 22.44 0.32 -3.31 9.05 0.08 9.43 0.31 -2.67 268 1
13.36 0.36 22.94 0.09 -1.38 12.09 0.36 11.88 0.11 -1.38 1.99 0.18 17.83 0.59 -2.06 92 1
15.48 0.36 38.2 0.08 -1.55 6.45 0.2 15.75 0.25 -2.08 5.45 0.17 8.71 0.38 -2.15 193 1
18.63 0.37 37.73 0.06 -1.33 4.37 0.2 24.82 0.34 -2.05 8.78 0.16 6.38 0.2 -2.07 185 1
15.68 0.18 41.7 0.08 -2.13 9.9 0.13 25.02 0.2 -2.44 3.95 0.11 23.32 0.49 -2.48 172 1
17.9 0.18 53.89 0.08 -2.03 6.16 0.08 25.19 0.36 -2.8 8.55 0.1 18.56 0.27 -2.5 183 1
11.98 0.28 13.7 0.11 -1.61 9.36 0.22 8.88 0.18 -1.81 2.9 0.12 17.13 0.5 -2.36 215 1
18.19 0.15 49.17 0.08 -2.23 9.72 0.1 39.22 0.22 -2.74 5.97 0.13 12.76 0.39 -2.26 652 1
19.77 0.28 49.74 0.06 -1.65 8.64 0.16 23.8 0.2 -2.36 6.42 0.18 6.29 0.37 -2.02 226 1
16.92 0.23 41.91 0.07 -1.95 8.34 0.14 22.97 0.25 -2.39 5.53 0.12 18.79 0.42 -2.4 387 1
20.73 0.28 49.42 0.05 -1.57 6.4 0.15 30.09 0.26 -2.35 8.22 0.17 5.21 0.27 -2.07 147 1
16.18 0.38 43.78 0.07 -1.5 11.91 0.31 24.61 0.13 -1.69 2.32 0.21 17.29 0.61 -1.96 77 1
17.14 0.14 47.77 0.16 -2.32 10.4 0.09 25.59 0.19 -2.88 8.06 0.09 13.89 0.37 -2.64 491 1
17.49 0.2 48.47 0.1 -2.06 9.34 0.11 24.18 0.26 -2.58 7.66 0.09 18.69 0.38 -2.56 274 1
17.59 0.29 23.33 0.06 -1.59 7.61 0.17 18.25 0.25 -2.16 4.71 0.14 9.6 0.38 -2.2 127 1
16.35 0.28 44.31 0.07 -1.73 9.09 0.18 28.19 0.23 -2.19 5.37 0.11 19.73 0.44 -2.48 302 1
16.43 0.31 44.62 0.07 -1.65 7.74 0.19 12.17 0.21 -2.12 4.67 0.13 10.12 0.4 -2.32 294 1
19.24 0.22 54.04 0.06 -1.85 5.54 0.14 18.27 0.27 -2.54 10.7 0.13 9.4 0.22 -2.22 537 1
19.25 0.29 12.38 0.06 -1.56 6.43 0.16 8.99 0.29 -2.21 7.22 0.12 13.94 0.31 -2.37 39 1
21.91 0.28 57.92 0.05 -1.56 5.13 0.17 25.71 0.3 -2.09 8.98 0.14 8.97 0.19 -2.12 48 1
18.19 0.28 13.18 0.06 -1.59 4.69 0.13 10.7 0.41 -2.28 9.61 0.11 14.22 0.25 -2.36 188 1
23.05 0.2 55.32 0.05 -1.79 4.25 0.1 19.77 0.37 -2.56 12.44 0.14 3.87 0.15 -2.17 109 1
19.13 0.36 17.04 0.05 -1.33 4.49 0.18 11.19 0.41 -1.99 9.69 0.13 8.5 0.23 -2.21 47 1
22.78 0.2 57.1 0.08 -1.9 6.21 0.09 46.85 0.34 -2.77 13.29 0.15 7.29 0.19 -2.16 118 1
21.58 0.26 54.02 0.06 -1.65 4.12 0.14 36.32 0.42 -2.38 12.47 0.13 5.04 0.15 -2.2 128 1
24.37 0.29 38.31 0.04 -1.42 4.77 0.16 18.99 0.37 -2.08 11.52 0.18 5.47 0.15 -2.01 211 1
21.76 0.26 57.77 0.05 -1.72 6.69 0.11 34.62 0.32 -2.5 9.21 0.13 6.49 0.25 -2.22 37 1
24.18 0.22 54.81 0.05 -1.74 8.49 0.12 23.94 0.26 -2.49 9.3 0.14 7.94 0.29 -2.25 123 1
18.64 0.24 50.98 0.06 -1.8 7.33 0.14 28.88 0.26 -2.36 6.41 0.13 8.01 0.32 -2.21 159 1
20.08 0.15 62.91 0.1 -2.16 5.62 0.05 45.84 0.35 -3.39 12.81 0.13 3.7 0.18 -2.21 246 1
19.62 0.38 8.92 0.05 -1.24 5.75 0.17 5.57 0.32 -2.01 8.7 0.12 9.3 0.28 -2.32 284 1
22.08 0.23 59.55 0.05 -1.77 5.83 0.1 39.56 0.37 -2.6 10.33 0.13 11.33 0.24 -2.25 145 1
19.26 0.45 45.02 0.05 -1.12 3.4 0.23 30.48 0.4 -1.78 9.45 0.21 5.72 0.16 -1.82 694 1
19.35 0.26 22.13 0.06 -1.62 4.41 0.12 12.5 0.42 -2.42 10.59 0.11 10.24 0.22 -2.36 248 1
19.33 0.49 19.23 0.05 -0.92 2.59 0.28 16.08 0.44 -1.56 10.77 0.17 5.38 0.14 -1.96 179 1
24.92 0.32 60.91 0.04 -1.48 3.69 0.14 32.21 0.49 -2.31 15.63 0.19 4.13 0.12 -1.92 278 1
9.82 0.23 12.77 0.14 -1.87 7.41 0.18 11.16 0.23 -2.03 3.68 0.1 14.15 0.49 -2.54 169 1
8.84 0.28 6.46 0.17 -1.51 10.48 0.31 5.66 0.13 -1.33 2.38 0.09 34.05 0.56 -2.59 42 1
12.61 0.22 22.38 0.11 -1.86 11.61 0.23 13.67 0.13 -1.83 2.72 0.12 25.42 0.55 -2.47 516 1
14.57 0.32 18.06 0.07 -1.52 6.05 0.22 12.83 0.26 -1.9 4.58 0.14 8.93 0.41 -2.22 185 1
16.77 0.12 47.02 0.13 -2.47 8.32 0.08 43.03 0.24 -2.91 6.87 0.1 17.82 0.31 -2.63 94 1
12.01 0.35 8.65 0.09 -1.38 7.37 0.27 13.02 0.22 -1.7 2.84 0.13 14.96 0.55 -2.4 204 1
11.52 0.32 9.53 0.11 -1.51 8.86 0.31 8.04 0.16 -1.57 2.89 0.14 15.35 0.57 -2.36 315 1
8.73 0.32 6.5 0.15 -1.52 9.25 0.25 5.23 0.19 -1.7 2.45 0.13 27.09 0.57 -2.4 147 1
7.57 0.35 6.57 0.16 -1.34 11.23 0.39 6.12 0.1 -1.16 1.9 0.16 23.22 0.58 -2.09 308 1
11.4 0.32 18.59 0.1 -1.48 8.15 0.3 7.77 0.2 -1.67 2.57 0.16 15.28 0.6 -2.23 273 1
16.56 0.43 11.6 0.06 -1.25 5.64 0.24 9.76 0.28 -1.77 5.78 0.16 7.59 0.35 -2.18 101 1
16.23 0.32 29.63 0.07 -1.57 6.03 0.19 21.17 0.29 -2.13 6.0 0.14 10.04 0.35 -2.29 132 1
16.63 0.41 9.58 0.06 -1.31 7.83 0.3 5.98 0.18 -1.66 3.87 0.23 10.06 0.45 -1.98 41 1
16.63 0.41 9.58 0.06 -1.31 7.83 0.3 5.98 0.18 -1.66 3.87 0.23 10.06 0.45 -1.98 41 1
18.47 0.26 42.38 0.06 -1.75 10.85 0.15 19.45 0.16 -2.22 4.17 0.15 10.36 0.44 -2.19 123 1
17.31 0.26 47.02 0.08 -1.84 8.91 0.16 29.18 0.21 -2.41 6.23 0.14 7.45 0.4 -2.19 143 1
17.48 0.17 48.4 0.08 -2.21 11.23 0.13 24.63 0.17 -2.49 4.69 0.12 18.29 0.45 -2.38 201 1
21.09 0.23 48.52 0.07 -1.75 6.07 0.17 39.19 0.24 -2.22 7.76 0.18 6.21 0.22 -2.06 329 1
18.83 0.17 54.68 0.09 -2.16 5.83 0.08 19.75 0.33 -2.96 8.63 0.1 9.12 0.27 -2.47 341 1
17.23 0.27 45.58 0.08 -1.84 7.11 0.15 41.92 0.26 -2.36 6.38 0.13 7.28 0.33 -2.36 325 1
15.25 0.36 8.93 0.07 -1.37 6.05 0.23 7.41 0.27 -1.77 5.05 0.15 8.52 0.39 -2.18 112 1
13.26 0.34 19.22 0.08 -1.39 8.37 0.38 20.5 0.16 -1.43 2.66 0.2 12.72 0.57 -2.01 415 1
12.57 0.39 8.39 0.09 -1.18 6.71 0.3 7.74 0.22 -1.51 3.21 0.15 15.54 0.49 -2.19 229 1
14.23 0.45 6.13 0.07 -1.09 9.3 0.28 3.85 0.16 -1.51 2.62 0.15 10.38 0.53 -2.11 396 1
19.87 0.17 52.55 0.13 -2.11 7.0 0.09 41.99 0.27 -2.72 11.64 0.11 7.41 0.18 -2.35 664 1
21.93 0.23 27.27 0.07 -1.66 4.48 0.13 10.39 0.35 -2.29 11.11 0.15 4.13 0.17 -2.11 637 1
21.93 0.21 53.91 0.11 -1.94 7.36 0.13 43.96 0.24 -2.59 10.07 0.16 4.05 0.17 -2.03 469 1
23.48 0.23 38.95 0.05 -1.75 8.86 0.15 23.74 0.23 -2.29 7.35 0.15 8.37 0.28 -2.14 513 1
19.94 0.17 58.66 0.12 -2.02 7.75 0.1 40.95 0.21 -2.79 13.44 0.18 6.88 0.14 -1.9 479 1
20.45 0.14 59.01 0.07 -2.2 7.17 0.07 45.19 0.34 -2.99 8.55 0.14 14.15 0.25 -2.19 227 1
22.34 0.25 58.71 0.05 -1.76 6.95 0.14 49.28 0.27 -2.39 7.53 0.17 6.97 0.23 -1.98 174 1
22.99 0.19 59.47 0.09 -1.95 6.74 0.09 45.09 0.28 -2.81 11.66 0.15 9.75 0.17 -2.06 112 1
21.09 0.3 29.55 0.05 -1.48 5.65 0.26 20.53 0.26 -1.89 7.09 0.2 4.21 0.21 -1.8 70 1
18.99 0.15 39.35 0.07 -2.11 4.95 0.08 30.17 0.39 -2.81 8.5 0.14 6.24 0.2 -2.11 82 1
19.62 0.2 22.21 0.06 -1.88 5.57 0.13 17.22 0.33 -2.44 7.96 0.15 5.99 0.23 -2.1 150 1
20.03 0.18 53.5 0.06 -1.94 5.14 0.11 34.01 0.33 -2.54 8.37 0.17 6.8 0.18 -1.87 508 1
19.42 0.14 59.38 0.16 -2.19 7.49 0.06 40.93 0.27 -3.1 13.73 0.15 4.35 0.14 -2.09 487 1
24.84 0.21 59.2 0.05 -1.75 5.77 0.11 45.99 0.31 -2.52 11.44 0.16 5.48 0.15 -1.94 261 1
24.49 0.29 38.35 0.04 -1.51 7.06 0.15 20.86 0.28 -2.19 9.31 0.18 4.25 0.21 -1.97 544 1
20.88 0.24 18.58 0.05 -1.65 5.62 0.13 11.98 0.31 -2.35 9.04 0.15 5.62 0.22 -2.06 128 1
20.71 0.14 60.64 0.1 -2.24 6.98 0.07 37.53 0.31 -3.04 9.9 0.14 6.38 0.21 -2.15 498 1
17.88 0.22 30.13 0.06 -1.7 4.19 0.16 17.54 0.36 -2.22 8.11 0.16 5.33 0.19 -1.95 129 1
17.3 0.17 58.87 0.15 -2.21 7.65 0.1 22.76 0.25 -2.84 10.08 0.11 9.86 0.21 -2.37 286 1
21.18 0.25 19.77 0.05 -1.62 6.05 0.17 13.88 0.27 -2.12 7.49 0.16 6.0 0.23 -1.97 120 1
20.04 0.3 51.22 0.06 -1.6 6.81 0.16 19.15 0.32 -2.26 8.58 0.14 7.28 0.27 -2.2 516 1
21.02 0.16 54.98 0.09 -2.08 7.07 0.11 45.16 0.24 -2.68 10.23 0.15 6.66 0.18 -2.1 78 1
21.23 0.19 59.68 0.07 -2.01 8.0 0.09 32.98 0.29 -2.78 7.9 0.15 8.62 0.27 -2.12 174 1
23.21 0.31 12.95 0.04 -1.45 5.6 0.16 9.87 0.3 -2.07 9.18 0.16 9.45 0.19 -1.99 323 1
21.68 0.2 56.1 0.06 -1.89 5.93 0.09 41.54 0.32 -2.67 9.35 0.17 5.15 0.19 -2.01 356 1
19.81 0.16 57.7 0.1 -2.14 5.61 0.08 42.36 0.34 -2.9 11.78 0.15 4.94 0.17 -2.06 302 1
11.96 0.13 62.34 0.3 -2.3 6.54 0.06 50.12 0.21 -3.05 11.58 0.21 15.32 0.13 -1.97 880 1
13.2 0.11 60.74 0.24 -2.42 4.21 0.04 48.28 0.4 -3.48 12.81 0.16 6.65 0.14 -2.06 91 1
19.1 0.32 60.76 0.09 -1.52 2.98 0.17 48.46 0.38 -2.32 12.74 0.36 7.65 0.09 -1.27 53 1
13.91 0.11 56.21 0.27 -2.4 8.43 0.06 40.24 0.16 -3.08 11.19 0.14 6.37 0.19 -2.15 516 1
14.98 0.15 58.99 0.16 -2.2 3.71 0.09 42.52 0.44 -2.96 12.23 0.15 5.54 0.12 -2.08 539 1
16.65 0.21 47.36 0.09 -1.87 3.53 0.12 35.92 0.4 -2.57 9.26 0.19 4.05 0.16 -1.85 62 1
21.34 0.25 57.26 0.08 -1.78 4.52 0.12 39.31 0.39 -2.51 13.25 0.15 4.09 0.14 -2.11 901 1
23.98 0.26 56.86 0.05 -1.6 3.64 0.15 47.18 0.4 -2.15 13.2 0.2 6.59 0.1 -1.75 536 1
18.67 0.33 36.59 0.06 -1.44 4.67 0.2 30.61 0.33 -2.02 7.44 0.18 4.51 0.22 -1.92 289 1
23.17 0.24 28.36 0.04 -1.61 5.47 0.13 24.8 0.31 -2.25 9.69 0.14 5.21 0.18 -2.15 108 1
19.45 0.24 59.69 0.07 -1.79 5.99 0.11 37.58 0.34 -2.56 8.89 0.13 7.42 0.25 -2.22 158 1
21.79 0.25 37.76 0.06 -1.63 3.61 0.15 32.66 0.42 -2.2 12.5 0.16 6.98 0.13 -2.02 460 1
15.74 0.14 59.19 0.14 -2.18 6.4 0.07 38.85 0.21 -2.98 13.72 0.15 8.88 0.17 -2.1 96 1
22.5 0.21 56.46 0.08 -1.91 7.26 0.12 45.68 0.24 -2.62 11.17 0.15 4.39 0.19 -2.08 320 1
16.34 0.12 55.64 0.2 -2.42 10.13 0.07 17.37 0.17 -3.14 11.38 0.11 13.76 0.21 -2.39 298 1
22.62 0.29 51.55 0.08 -1.71 6.77 0.17 24.53 0.23 -2.32 8.52 0.17 8.22 0.19 -2.13 489 1
14.74 0.11 59.96 0.13 -2.42 5.87 0.05 43.03 0.35 -3.35 10.42 0.15 11.89 0.2 -2.13 437 1
24.04 0.21 57.5 0.06 -1.82 5.78 0.12 42.37 0.31 -2.51 10.5 0.18 8.22 0.15 -1.93 54 1
18.31 0.3 41.41 0.07 -1.69 10.06 0.17 23.2 0.18 -2.26 4.89 0.17 8.1 0.47 -2.17 310 1
14.27 0.08 59.53 0.2 -2.68 8.3 0.05 39.24 0.29 -3.28 7.13 0.13 15.06 0.3 -2.27 104 1
17.85 0.15 53.81 0.23 -2.19 10.21 0.1 37.33 0.18 -2.77 14.09 0.12 4.19 0.15 -2.31 520 1
21.57 0.24 28.3 0.05 -1.62 7.03 0.18 26.95 0.23 -2.1 6.17 0.18 7.28 0.26 -1.93 115 1
14.29 0.14 56.39 0.24 -2.22 8.49 0.09 44.61 0.14 -2.84 10.04 0.13 10.36 0.21 -2.21 363 1
22.66 0.28 52.54 0.07 -1.71 7.93 0.18 34.4 0.19 -2.25 9.48 0.12 12.21 0.21 -2.33 564 1
19.15 0.18 53.69 0.09 -2.08 9.03 0.12 17.2 0.2 -2.62 6.58 0.14 8.96 0.32 -2.2 583 1
18.12 0.16 52.4 0.1 -2.17 6.14 0.11 31.36 0.28 -2.7 8.66 0.15 6.44 0.21 -2.09 418 1
20.5 0.26 48.14 0.05 -1.61 5.84 0.21 27.95 0.24 -1.99 6.87 0.2 5.59 0.23 -1.77 367 1
20.82 0.32 23.19 0.05 -1.34 5.76 0.24 21.77 0.23 -1.75 6.72 0.24 6.1 0.23 -1.71 386 1
20.99 0.2 53.88 0.06 -1.89 7.89 0.16 30.14 0.22 -2.42 6.77 0.18 6.72 0.3 -2.0 316 1
18.11 0.44 11.64 0.06 -1.19 4.9 0.26 13.49 0.28 -1.68 6.02 0.24 4.5 0.24 -1.71 44 1
19.17 0.14 58.42 0.12 -2.22 5.64 0.08 54.74 0.32 -2.91 9.04 0.19 6.98 0.18 -1.9 403 1
20.14 0.33 35.17 0.05 -1.4 6.48 0.22 22.72 0.23 -1.87 6.16 0.19 5.57 0.27 -1.87 112 1
20.95 0.16 55.75 0.09 -2.13 7.28 0.1 49.44 0.25 -2.78 8.46 0.14 6.76 0.24 -2.15 381 1
23.28 0.23 55.01 0.06 -1.86 5.32 0.11 34.96 0.32 -2.65 11.62 0.1 5.0 0.17 -2.45 222 1
22.66 0.28 53.97 0.08 -1.6 6.89 0.16 41.36 0.25 -2.17 12.8 0.14 6.22 0.2 -2.25 609 1
19.9 0.28 45.06 0.07 -1.58 8.79 0.2 17.16 0.17 -1.98 5.69 0.22 6.94 0.32 -1.89 432 1
20.5 0.14 58.38 0.08 -2.19 8.47 0.08 44.58 0.27 -2.94 10.23 0.13 12.56 0.25 -2.27 563 1
18.98 0.16 57.38 0.11 -2.1 9.76 0.1 45.73 0.21 -2.82 10.64 0.12 10.96 0.28 -2.35 379 1
22.51 0.2 54.32 0.05 -1.89 7.77 0.12 40.35 0.23 -2.51 7.29 0.16 10.52 0.27 -2.1 54 1
21.21 0.21 50.34 0.05 -1.8 8.0 0.17 42.6 0.22 -2.17 5.24 0.19 5.55 0.28 -1.87 163 1
22.06 0.23 54.22 0.06 -1.74 4.37 0.16 20.98 0.36 -2.23 11.15 0.17 7.87 0.12 -1.93 497 1
14.56 0.16 48.85 0.12 -2.2 5.92 0.08 23.94 0.32 -2.91 10.72 0.11 5.59 0.23 -2.36 629 1
26.17 0.37 51.88 0.04 -1.26 6.57 0.23 45.4 0.23 -1.86 8.95 0.2 4.77 0.17 -1.86 101 1
23.75 0.26 52.59 0.05 -1.68 5.89 0.12 45.74 0.33 -2.4 12.25 0.16 7.47 0.18 -2.05 132 1
18.52 0.18 46.34 0.06 -1.91 6.61 0.12 25.57 0.3 -2.48 6.36 0.15 6.82 0.29 -2.05 51 1
25.28 0.29 54.99 0.05 -1.57 6.52 0.18 34.22 0.23 -2.17 9.63 0.15 9.88 0.16 -2.09 388 1
23.33 0.26 18.52 0.04 -1.56 5.76 0.14 19.1 0.28 -2.16 8.63 0.15 5.34 0.19 -2.05 244 1
21.63 0.26 52.77 0.08 -1.84 6.4 0.13 51.71 0.24 -2.55 10.25 0.12 6.61 0.19 -2.28 120 1
20.13 0.17 52.85 0.11 -2.13 5.71 0.09 29.0 0.3 -2.72 10.98 0.14 6.23 0.17 -2.25 355 1
23.96 0.26 51.77 0.05 -1.56 5.92 0.2 34.5 0.25 -1.93 8.49 0.23 6.0 0.17 -1.78 230 1
23.04 0.23 54.74 0.06 -1.89 8.95 0.13 50.25 0.2 -2.56 7.18 0.14 10.56 0.27 -2.14 141 1
24.08 0.42 5.56 0.04 -1.2 8.8 0.2 5.31 0.21 -1.86 6.85 0.21 5.05 0.3 -1.89 206 1
20.85 0.2 55.2 0.09 -1.93 5.21 0.09 37.66 0.39 -2.66 16.16 0.16 4.02 0.13 -2.02 463 1
24.46 0.25 56.62 0.07 -1.73 7.09 0.14 47.81 0.25 -2.46 11.14 0.13 7.91 0.18 -2.2 314 1
23.47 0.2 58.87 0.09 -1.87 7.02 0.1 50.91 0.3 -2.74 12.5 0.15 4.91 0.18 -2.07 149 1
25.92 0.32 53.29 0.04 -1.4 7.63 0.17 39.77 0.25 -2.07 9.2 0.15 7.92 0.23 -2.1 884 1
22.23 0.2 57.56 0.11 -1.97 8.73 0.12 47.54 0.24 -2.64 11.4 0.14 8.42 0.24 -2.23 92 1
24.29 0.3 6.65 0.04 -1.43 7.61 0.17 6.52 0.25 -2.02 8.26 0.17 6.67 0.25 -2.06 448 1
22.64 0.23 59.11 0.05 -1.81 5.76 0.1 42.91 0.31 -2.6 10.43 0.16 5.49 0.19 -1.98 77 1
24.67 0.36 17.34 0.04 -1.25 4.18 0.21 21.92 0.33 -1.76 11.08 0.23 3.73 0.11 -1.59 49 1
24.28 0.32 53.12 0.07 -1.59 7.51 0.2 34.69 0.21 -2.17 10.06 0.19 3.44 0.18 -1.95 51 1
21.56 0.22 57.98 0.11 -1.91 8.1 0.15 46.96 0.16 -2.5 9.58 0.16 5.35 0.2 -2.02 82 1
10.0 0.13 53.0 0.34 -2.27 5.09 0.07 52.33 0.28 -3.07 11.26 0.14 7.26 0.14 -2.18 558 1
8.87 0.12 61.11 0.23 -2.31 2.72 0.06 55.44 0.47 -3.02 9.21 0.2 7.19 0.16 -1.83 101 1
10.13 0.13 62.57 0.27 -2.25 3.19 0.05 51.3 0.42 -3.24 11.48 0.2 4.62 0.14 -1.82 379 1
13.98 0.22 63.03 0.12 -1.88 2.34 0.08 37.86 0.52 -2.92 15.09 0.21 3.69 0.1 -1.8 176 1
11.62 0.13 62.52 0.19 -2.26 2.96 0.05 47.89 0.45 -3.26 13.0 0.22 4.13 0.11 -1.75 158 1
14.69 0.19 63.37 0.14 -1.99 3.19 0.06 40.71 0.44 -3.08 15.46 0.22 6.6 0.1 -1.74 72 1
6.15 0.13 43.8 0.42 -2.31 6.56 0.05 35.9 0.21 -3.17 13.48 0.14 13.6 0.17 -2.27 730 1
8.61 0.19 57.21 0.25 -2.05 2.18 0.08 46.47 0.52 -2.88 10.91 0.19 10.64 0.15 -1.98 162 1
24.81 0.29 63.99 0.07 -1.53 2.46 0.11 60.03 0.46 -2.6 20.76 0.34 2.82 0.05 -1.25 263 1
14.78 0.14 63.39 0.27 -2.14 5.59 0.05 54.66 0.29 -3.28 14.68 0.22 5.08 0.09 -1.75 139 1
13.28 0.14 59.45 0.27 -2.26 5.41 0.05 53.6 0.26 -3.31 13.38 0.18 3.83 0.13 -1.95 96 1
13.58 0.14 63.21 0.18 -2.17 3.25 0.05 51.56 0.41 -3.19 14.24 0.26 4.86 0.09 -1.56 186 1
18.68 0.12 59.46 0.12 -2.34 7.03 0.07 45.02 0.27 -3.14 7.89 0.16 7.84 0.23 -2.02 411 1
18.43 0.13 61.19 0.15 -2.25 5.91 0.07 48.41 0.28 -3.09 10.17 0.19 8.42 0.15 -1.87 418 1
21.41 0.19 62.09 0.08 -2.03 7.2 0.1 52.4 0.26 -2.78 7.91 0.2 7.91 0.21 -1.84 493 1
19.5 0.17 62.88 0.1 -2.05 6.35 0.06 44.45 0.32 -3.14 10.09 0.18 4.29 0.18 -1.91 527 1
26.54 0.29 57.23 0.04 -1.45 7.55 0.15 33.14 0.26 -2.17 9.59 0.16 10.11 0.21 -1.96 237 1
24.19 0.23 54.91 0.04 -1.72 7.59 0.14 44.62 0.2 -2.41 8.1 0.16 9.37 0.22 -2.0 365 1
26.51 0.26 61.02 0.06 -1.61 5.9 0.15 52.86 0.28 -2.33 10.46 0.19 5.26 0.14 -1.86 227 1
24.25 0.24 43.59 0.06 -1.75 5.04 0.12 34.61 0.29 -2.47 12.93 0.13 8.57 0.15 -2.22 512 1
23.86 0.29 31.76 0.04 -1.49 7.15 0.18 20.71 0.24 -1.99 7.18 0.18 3.92 0.21 -1.87 342 1
22.53 0.2 62.96 0.11 -1.95 5.13 0.08 54.56 0.29 -2.86 13.22 0.22 4.6 0.12 -1.77 381 1
13.85 0.15 50.63 0.09 -2.15 6.12 0.09 35.41 0.32 -2.78 6.51 0.11 16.14 0.34 -2.4 573 1
24.81 0.21 57.45 0.05 -1.81 6.8 0.12 41.25 0.24 -2.52 8.69 0.15 5.82 0.2 -2.06 78 1
18.68 0.18 51.14 0.09 -2.07 7.02 0.11 27.65 0.28 -2.76 8.77 0.12 8.24 0.24 -2.28 695 1
16.67 0.19 47.19 0.09 -1.93 3.87 0.1 37.44 0.4 -2.65 8.37 0.21 6.8 0.16 -1.8 678 1
24.11 0.21 62.51 0.08 -1.87 6.62 0.15 46.2 0.23 -2.53 8.79 0.22 5.86 0.15 -1.72 247 1
21.72 0.16 59.75 0.1 -2.06 5.49 0.13 45.61 0.3 -2.59 11.19 0.22 4.6 0.11 -1.77 277 1
14.21 0.11 60.85 0.21 -2.43 5.39 0.05 52.14 0.34 -3.31 16.05 0.18 7.06 0.09 -1.98 470 1
25.23 0.26 63.09 0.06 -1.68 6.73 0.12 44.15 0.25 -2.54 8.99 0.25 6.32 0.16 -1.66 558 1
24.57 0.29 61.46 0.05 -1.56 4.94 0.12 42.94 0.34 -2.44 12.54 0.16 4.44 0.13 -2.01 572 1
17.64 0.13 61.41 0.11 -2.22 4.17 0.05 54.15 0.4 -3.19 11.35 0.18 6.0 0.14 -1.94 178 1
25.35 0.24 47.27 0.05 -1.67 7.09 0.13 29.11 0.25 -2.4 9.15 0.18 7.39 0.18 -1.86 680 1
16.57 0.15 60.49 0.09 -2.16 4.28 0.07 46.16 0.44 -2.88 8.82 0.15 6.73 0.2 -2.09 100 1
15.0 0.19 53.6 0.08 -1.84 3.31 0.1 38.2 0.47 -2.56 9.18 0.12 6.5 0.2 -2.23 228 1
18.97 0.19 41.84 0.06 -1.87 5.61 0.11 23.22 0.31 -2.48 8.35 0.13 10.23 0.23 -2.16 327 1
14.96 0.15 55.8 0.09 -2.13 5.74 0.1 46.3 0.32 -2.69 5.51 0.13 9.75 0.32 -2.17 70 1
16.89 0.18 61.54 0.07 -1.9 3.89 0.07 40.07 0.43 -2.82 10.42 0.14 7.21 0.2 -2.14 199 1
16.47 0.14 54.28 0.08 -2.17 6.71 0.1 39.94 0.3 -2.76 7.27 0.11 14.01 0.31 -2.31 174 1
17.88 0.13 59.4 0.09 -2.25 6.46 0.05 34.46 0.36 -3.19 10.91 0.14 8.13 0.21 -2.14 449 1
20.95 0.19 25.06 0.05 -1.94 6.75 0.1 18.8 0.31 -2.58 8.04 0.12 9.69 0.28 -2.3 247 1
18.85 0.17 59.15 0.07 -2.06 4.94 0.08 30.85 0.38 -2.87 9.65 0.12 7.86 0.19 -2.31 503 1
20.42 0.15 58.27 0.11 -2.11 5.03 0.07 28.83 0.37 -3.0 11.76 0.13 6.02 0.14 -2.2 269 1
17.07 0.15 60.34 0.09 -2.1 4.33 0.07 35.04 0.39 -2.93 11.63 0.14 5.75 0.16 -2.16 338 1
20.55 0.21 46.59 0.06 -1.84 5.46 0.09 38.6 0.35 -2.62 8.24 0.15 8.04 0.21 -2.06 131 1
15.53 0.13 54.19 0.23 -2.38 5.84 0.08 59.98 0.25 -2.98 7.38 0.17 9.5 0.21 -2.0 92 1
18.15 0.2 26.68 0.06 -1.94 6.77 0.1 18.19 0.32 -2.56 6.76 0.11 6.72 0.32 -2.31 236 1
20.91 0.24 50.18 0.05 -1.7 6.42 0.12 28.49 0.34 -2.42 8.88 0.14 5.34 0.25 -2.1 112 1
22.53 0.21 55.33 0.08 -1.94 8.09 0.11 39.4 0.26 -2.76 10.2 0.13 6.28 0.23 -2.21 576 1
11.81 0.12 62.52 0.21 -2.37 4.25 0.05 52.61 0.37 -3.28 11.14 0.19 5.46 0.14 -1.93 536 1
8.23 0.1 54.67 0.33 -2.48 5.71 0.06 38.46 0.39 -3.13 11.23 0.1 16.21 0.17 -2.48 356 1
16.98 0.17 61.45 0.12 -2.14 4.39 0.08 37.11 0.39 -2.95 11.82 0.16 6.1 0.13 -2.01 314 1
20.48 0.23 62.76 0.06 -1.77 4.11 0.14 46.38 0.36 -2.47 9.85 0.23 7.49 0.14 -1.79 255 1
19.85 0.19 62.64 0.07 -1.94 4.85 0.09 41.44 0.34 -2.78 10.66 0.17 6.51 0.17 -1.92 52 1
25.96 0.33 63.18 0.05 -1.48 3.78 0.14 46.98 0.29 -2.38 15.32 0.32 6.39 0.08 -1.46 43 1
22.64 0.23 63.91 0.12 -1.87 5.6 0.09 46.87 0.26 -2.89 15.12 0.26 3.47 0.08 -1.54 109 1
16.8 0.16 63.28 0.15 -2.13 7.01 0.06 33.42 0.3 -3.1 12.16 0.19 6.29 0.14 -1.95 108 1
27.82 0.35 63.97 0.07 -1.4 2.84 0.14 56.29 0.44 -2.37 19.02 0.32 3.74 0.06 -1.34 60 1
25.05 0.24 63.51 0.07 -1.75 4.3 0.1 58.83 0.35 -2.71 14.55 0.25 3.97 0.09 -1.6 64 1
24.07 0.25 63.89 0.09 -1.81 5.32 0.08 54.3 0.3 -2.94 13.1 0.25 3.34 0.11 -1.62 52 1
18.69 0.2 45.26 0.07 -1.84 4.29 0.1 32.61 0.41 -2.58 9.41 0.19 7.31 0.16 -1.85 102 1
13.51 0.16 60.92 0.13 -2.03 2.5 0.06 48.26 0.51 -3.01 12.19 0.19 3.44 0.14 -1.86 82 1
15.18 0.13 63.12 0.21 -2.26 5.93 0.06 50.87 0.25 -3.14 14.17 0.26 6.92 0.09 -1.59 514 1
24.87 0.29 55.63 0.07 -1.58 4.17 0.12 43.66 0.35 -2.52 12.94 0.27 6.61 0.09 -1.54 493 1
18.84 0.25 63.42 0.08 -1.72 2.17 0.12 50.14 0.5 -2.55 13.02 0.26 3.87 0.1 -1.58 108 1
21.42 0.21 63.96 0.07 -1.75 2.34 0.07 47.91 0.48 -2.86 17.47 0.3 3.56 0.07 -1.41 41 1
15.62 0.18 61.71 0.11 -1.95 3.43 0.11 35.27 0.45 -2.65 12.66 0.21 3.72 0.11 -1.79 455 1
19.95 0.15 62.32 0.14 -2.12 5.95 0.07 48.72 0.27 -3.04 11.8 0.19 4.97 0.13 -1.83 159 1
16.67 0.15 59.61 0.1 -2.16 3.68 0.07 46.22 0.41 -3.02 11.69 0.14 10.68 0.17 -2.15 275 1
23.58 0.21 60.88 0.07 -1.83 5.96 0.11 38.32 0.33 -2.62 12.56 0.17 4.94 0.14 -1.94 331 1
18.79 0.2 62.07 0.07 -1.87 3.2 0.09 41.95 0.47 -2.65 11.58 0.2 4.65 0.13 -1.83 157 1
20.5 0.2 59.46 0.07 -1.93 4.8 0.08 30.33 0.41 -2.79 11.34 0.17 6.89 0.15 -1.96 258 1
15.85 0.12 58.9 0.17 -2.37 4.79 0.05 40.95 0.37 -3.24 11.82 0.17 6.78 0.15 -1.97 274 1
23.63 0.22 57.73 0.09 -1.82 6.49 0.13 45.73 0.28 -2.61 11.35 0.17 4.35 0.15 -1.9 289 1
19.13 0.24 60.93 0.06 -1.71 3.24 0.13 47.11 0.45 -2.38 10.12 0.19 5.77 0.15 -1.87 210 1
14.64 0.14 60.99 0.11 -2.18 3.79 0.06 36.76 0.44 -2.98 12.82 0.15 5.52 0.15 -2.1 456 1
17.13 0.21 53.08 0.08 -1.93 4.34 0.13 29.05 0.37 -2.48 8.64 0.12 8.06 0.21 -2.32 115 1
11.77 0.17 21.66 0.1 -2.02 3.49 0.08 16.65 0.45 -2.64 7.95 0.12 13.72 0.27 -2.32 43 1
12.71 0.19 58.72 0.09 -1.83 2.45 0.09 28.96 0.5 -2.64 12.42 0.16 4.36 0.15 -2.0 57 1
15.14 0.22 49.56 0.08 -1.76 4.43 0.13 53.72 0.37 -2.36 6.46 0.15 12.83 0.28 -2.14 135 1
20.14 0.2 61.5 0.07 -1.92 5.48 0.1 47.47 0.34 -2.7 8.72 0.17 8.36 0.21 -2.0 456 1
16.81 0.3 17.99 0.06 -1.58 4.16 0.16 13.42 0.38 -2.19 7.41 0.16 10.64 0.23 -2.1 134 1
16.47 0.25 13.84 0.07 -1.61 3.86 0.14 12.2 0.41 -2.18 7.96 0.14 6.76 0.22 -2.07 97 1
20.22 0.29 14.15 0.05 -1.49 2.53 0.21 10.29 0.45 -1.96 12.71 0.18 6.66 0.11 -1.83 85 1
18.48 0.34 29.2 0.06 -1.35 5.61 0.24 23.25 0.28 -1.81 6.46 0.14 8.21 0.27 -2.16 175 1
15.75 0.22 34.93 0.07 -1.79 4.51 0.13 25.32 0.37 -2.33 7.02 0.14 7.47 0.28 -2.18 343 1
20.73 0.33 22.18 0.05 -1.39 4.75 0.21 17.63 0.32 -1.93 8.45 0.15 7.13 0.2 -2.05 91 1
19.59 0.32 12.94 0.05 -1.42 5.04 0.21 12.0 0.3 -1.89 7.27 0.16 10.15 0.23 -2.03 138 1
22.45 0.39 47.19 0.05 -1.34 5.86 0.17 30.61 0.29 -2.21 8.52 0.19 3.74 0.2 -1.89 142 1
23.59 0.32 21.33 0.04 -1.49 5.35 0.16 16.3 0.3 -2.2 9.66 0.21 5.43 0.16 -1.79 280 1
17.2 0.26 54.15 0.11 -1.83 5.63 0.14 20.96 0.32 -2.53 8.81 0.12 8.27 0.23 -2.31 443 1
23.89 0.31 40.09 0.04 -1.44 3.77 0.19 19.09 0.36 -1.97 11.51 0.2 4.42 0.11 -1.76 163 1
27.46 0.3 14.49 0.04 -1.32 3.61 0.17 12.52 0.36 -1.95 13.69 0.21 5.45 0.09 -1.75 44 1
24.19 0.3 62.92 0.05 -1.6 5.56 0.17 46.37 0.27 -2.27 9.79 0.25 6.02 0.15 -1.68 165 1
24.56 0.24 45.93 0.05 -1.69 7.68 0.12 35.11 0.25 -2.44 7.81 0.2 5.93 0.21 -1.8 186 1
17.59 0.41 32.88 0.06 -1.18 3.88 0.19 20.33 0.42 -1.92 8.53 0.14 5.79 0.22 -2.13 223 1
14.19 0.13 62.84 0.17 -2.27 3.73 0.05 52.79 0.45 -3.19 9.19 0.22 8.39 0.16 -1.76 224 1
24.69 0.53 24.87 0.04 -1.02 2.95 0.26 20.59 0.38 -1.72 12.48 0.33 4.51 0.09 -1.36 36 1
16.27 0.12 63.15 0.14 -2.35 5.18 0.05 53.89 0.32 -3.29 10.89 0.22 5.19 0.16 -1.8 380 1
7.46 0.09 52.04 0.39 -2.6 7.5 0.06 31.6 0.21 -3.08 12.25 0.1 14.8 0.16 -2.51 424 1
4.17 0.12 55.59 0.45 -2.26 8.11 0.09 27.6 0.22 -2.71 17.28 0.16 8.38 0.12 -2.23 522 1
10.23 0.12 62.28 0.23 -2.37 6.61 0.05 28.33 0.34 -3.17 14.38 0.15 5.63 0.14 -2.12 620 1
11.27 0.21 43.7 0.14 -1.97 4.45 0.1 30.53 0.39 -2.69 6.93 0.13 4.69 0.29 -2.32 131 1
16.13 0.24 12.85 0.07 -1.58 2.56 0.13 13.91 0.51 -2.19 10.02 0.14 4.14 0.19 -2.09 50 1
15.12 0.22 48.91 0.09 -1.9 5.66 0.11 21.8 0.36 -2.54 7.75 0.12 16.0 0.29 -2.35 379 1
17.28 0.23 52.28 0.11 -1.88 7.64 0.16 19.89 0.26 -2.36 7.72 0.13 6.26 0.26 -2.22 95 1
17.94 0.26 26.37 0.06 -1.6 3.61 0.14 20.85 0.43 -2.27 9.94 0.13 6.01 0.19 -2.15 58 1
16.9 0.23 27.76 0.07 -1.7 5.43 0.16 17.33 0.34 -2.14 6.09 0.14 11.71 0.27 -2.09 138 1
18.59 0.18 59.35 0.07 -1.97 5.81 0.1 36.74 0.35 -2.69 7.94 0.14 6.5 0.23 -2.13 305 1
20.39 0.3 44.93 0.06 -1.51 3.2 0.18 32.9 0.42 -2.12 11.87 0.18 4.52 0.13 -1.83 200 1
14.49 0.17 50.4 0.09 -2.03 5.4 0.09 46.11 0.36 -2.64 5.57 0.12 13.37 0.32 -2.24 96 1
14.85 0.2 33.24 0.08 -1.75 1.88 0.09 20.79 0.57 -2.56 11.81 0.17 4.86 0.14 -1.93 170 1
5.1 0.31 12.06 0.22 -1.64 2.31 0.15 11.39 0.5 -2.12 3.7 0.16 10.96 0.4 -2.17 123 1
7.61 0.19 37.61 0.2 -2.03 2.07 0.1 28.21 0.53 -2.65 8.23 0.11 9.64 0.27 -2.36 477 1
8.32 0.2 62.21 0.2 -1.97 1.85 0.09 57.55 0.58 -2.75 8.33 0.19 5.98 0.19 -1.89 514 1
10.16 0.16 59.79 0.17 -2.14 2.4 0.07 56.17 0.51 -3.0 11.25 0.17 5.82 0.15 -1.93 151 1
13.74 0.15 63.02 0.15 -2.1 2.33 0.08 47.9 0.48 -2.83 15.76 0.26 3.84 0.08 -1.57 159 1
8.2 0.18 32.78 0.19 -2.12 3.06 0.09 25.98 0.47 -2.67 5.98 0.11 12.2 0.37 -2.44 263 1
9.22 0.17 52.6 0.17 -2.13 2.55 0.09 45.15 0.49 -2.8 7.07 0.11 10.63 0.32 -2.34 142 1
8.59 0.12 62.1 0.27 -2.44 3.5 0.05 56.58 0.45 -3.31 8.52 0.15 21.73 0.23 -2.11 122 1
13.43 0.19 60.28 0.12 -1.94 2.22 0.09 44.98 0.51 -2.72 11.87 0.22 4.33 0.12 -1.73 211 1
9.38 0.24 31.48 0.13 -1.77 1.92 0.11 24.59 0.54 -2.51 9.92 0.14 4.83 0.21 -2.15 271 1
9.7 0.15 56.62 0.2 -2.2 2.97 0.07 51.47 0.46 -3.0 11.23 0.14 5.33 0.17 -2.14 557 1
15.89 0.23 27.5 0.08 -1.72 3.32 0.2 32.39 0.36 -2.01 6.29 0.22 6.77 0.23 -1.76 48 1
12.26 0.19 59.14 0.11 -1.9 2.21 0.1 44.49 0.5 -2.58 9.53 0.16 6.35 0.19 -1.97 45 1
8.1 0.16 60.34 0.26 -2.13 4.06 0.06 49.9 0.39 -3.11 12.48 0.18 9.75 0.12 -1.92 490 1
18.88 0.29 48.82 0.06 -1.45 1.96 0.13 34.23 0.52 -2.27 12.27 0.31 3.95 0.1 -1.42 291 1
11.46 0.21 54.43 0.1 -1.77 2.0 0.14 57.43 0.53 -2.24 6.99 0.18 6.87 0.21 -1.86 319 1
12.61 0.16 58.38 0.11 -2.07 3.02 0.1 45.76 0.43 -2.57 8.41 0.16 6.08 0.19 -2.02 539 1
12.12 0.11 62.93 0.19 -2.41 3.04 0.04 49.71 0.48 -3.35 10.06 0.18 7.97 0.17 -1.92 490 1
10.88 0.15 61.32 0.2 -2.27 3.32 0.05 49.39 0.48 -3.24 9.42 0.18 7.85 0.19 -1.98 180 1
14.37 0.19 62.26 0.12 -1.94 3.26 0.06 41.5 0.46 -3.01 12.14 0.23 4.59 0.12 -1.66 116 1
15.24 0.2 63.88 0.1 -1.88 3.05 0.07 57.26 0.42 -3.0 13.35 0.27 3.68 0.09 -1.48 192 1
17.06 0.13 63.65 0.14 -2.22 4.47 0.04 53.63 0.39 -3.35 11.17 0.22 4.95 0.14 -1.75 509 1
10.42 0.15 63.35 0.22 -2.16 3.04 0.06 55.2 0.46 -3.11 10.25 0.26 11.44 0.13 -1.57 193 1
11.06 0.14 52.34 0.13 -2.25 4.53 0.07 25.87 0.43 -2.97 8.71 0.1 6.65 0.28 -2.44 236 1
12.36 0.22 11.9 0.09 -1.75 2.46 0.1 11.57 0.51 -2.47 8.78 0.14 4.74 0.24 -2.17 46 1
17.97 0.14 62.95 0.1 -2.22 4.08 0.06 52.91 0.38 -3.13 13.02 0.19 4.3 0.14 -1.87 98 1
14.85 0.15 55.97 0.09 -2.1 4.56 0.09 48.08 0.37 -2.76 7.16 0.13 11.87 0.26 -2.19 92 1
16.17 0.15 58.53 0.08 -2.08 4.21 0.08 47.54 0.41 -2.78 8.31 0.15 5.48 0.22 -2.07 153 1
19.23 0.22 30.8 0.06 -1.76 5.58 0.13 22.2 0.33 -2.38 8.23 0.13 6.72 0.25 -2.16 69 1
21.05 0.21 55.88 0.06 -1.8 4.89 0.1 40.93 0.38 -2.56 10.39 0.15 3.75 0.17 -2.03 45 1
24.17 0.26 44.13 0.05 -1.65 5.0 0.11 41.35 0.35 -2.43 11.61 0.19 4.91 0.14 -1.84 55 1
20.32 0.23 52.1 0.06 -1.81 7.44 0.14 31.16 0.26 -2.41 7.92 0.15 6.31 0.27 -2.06 189 1
18.87 0.2 57.61 0.06 -1.84 5.16 0.12 44.84 0.34 -2.5 7.97 0.15 10.09 0.22 -2.04 137 1
22.67 0.28 62.97 0.07 -1.7 5.27 0.11 46.24 0.34 -2.57 10.74 0.21 6.35 0.13 -1.71 45 1
17.42 0.21 42.79 0.06 -1.75 4.85 0.12 19.77 0.37 -2.45 8.33 0.13 6.7 0.24 -2.16 223 1
18.26 0.15 61.73 0.08 -2.09 4.86 0.08 42.73 0.39 -2.8 9.39 0.17 5.8 0.18 -1.95 62 1
16.47 0.2 50.97 0.08 -1.96 5.75 0.11 22.54 0.35 -2.59 7.78 0.12 7.34 0.27 -2.31 134 1
17.56 0.17 60.69 0.07 -2.02 4.19 0.08 42.12 0.42 -2.81 9.57 0.13 5.24 0.22 -2.19 37 1
17.19 0.17 59.9 0.07 -1.9 3.72 0.09 52.77 0.46 -2.63 9.44 0.15 6.14 0.17 -2.04 62 1
21.29 0.16 60.14 0.08 -2.07 5.53 0.07 47.17 0.35 -2.97 12.33 0.17 5.49 0.15 -1.96 62 1
15.02 0.14 56.89 0.12 -2.21 4.88 0.08 25.0 0.41 -2.9 10.63 0.13 16.61 0.17 -2.24 389 1
24.41 0.26 20.9 0.04 -1.55 3.34 0.11 20.41 0.42 -2.39 13.87 0.19 3.69 0.1 -1.85 182 1
16.35 0.17 57.94 0.07 -1.94 4.35 0.09 45.53 0.38 -2.71 9.03 0.14 6.46 0.23 -2.11 386 1
18.29 0.2 61.1 0.11 -1.92 5.29 0.08 34.29 0.42 -2.8 12.05 0.16 4.29 0.16 -2.01 320 1
21.79 0.17 60.48 0.07 -1.99 4.11 0.08 46.18 0.35 -2.89 12.87 0.2 5.67 0.12 -1.81 70 1
23.69 0.21 63.26 0.08 -1.84 4.0 0.09 61.43 0.36 -2.78 16.65 0.25 4.16 0.08 -1.6 196 1
10.44 0.13 62.57 0.28 -2.26 5.36 0.05 55.09 0.32 -3.34 13.79 0.18 5.52 0.12 -1.96 609 1
19.97 0.3 10.89 0.05 -1.46 5.39 0.18 14.02 0.29 -2.05 7.27 0.17 5.98 0.23 -1.96 58 1
18.26 0.23 23.02 0.06 -1.74 5.47 0.14 19.06 0.32 -2.4 8.05 0.14 6.87 0.23 -2.06 465 1
3.66 0.19 56.96 0.43 -1.99 4.05 0.12 41.08 0.35 -2.58 10.64 0.14 7.84 0.15 -2.11 181 1
5.49 0.12 57.97 0.44 -2.3 3.54 0.07 54.22 0.41 -3.0 9.25 0.16 10.75 0.18 -2.09 161 1
10.27 0.11 61.06 0.27 -2.39 3.48 0.06 59.63 0.43 -3.1 7.41 0.23 8.21 0.2 -1.74 273 1
7.29 0.14 54.79 0.32 -2.27 3.36 0.06 47.52 0.43 -3.09 10.68 0.14 6.33 0.19 -2.15 483 1
4.69 0.13 49.99 0.41 -2.34 3.12 0.07 53.31 0.45 -2.92 7.08 0.11 15.64 0.28 -2.37 755 1
3.38 0.14 45.51 0.47 -2.32 5.63 0.08 42.86 0.38 -2.86 7.92 0.07 21.42 0.32 -2.87 550 1
17.9 0.13 53.81 0.21 -2.43 9.25 0.1 38.59 0.2 -3.0 7.41 0.14 14.99 0.29 -2.3 419 1
23.15 0.2 61.98 0.1 -1.95 8.08 0.09 41.83 0.29 -2.87 9.63 0.13 9.08 0.22 -2.24 785 1
20.86 0.16 54.52 0.1 -2.16 12.1 0.13 43.53 0.19 -2.76 4.89 0.17 6.93 0.45 -1.96 332 1
20.88 0.2 56.84 0.1 -2.0 9.68 0.12 51.94 0.23 -2.84 5.53 0.15 7.76 0.34 -2.17 550 1
15.02 0.11 60.47 0.2 -2.38 9.23 0.06 47.77 0.2 -3.21 5.45 0.18 11.94 0.37 -1.92 525 1
10.77 0.12 58.69 0.36 -2.31 8.63 0.06 53.06 0.17 -3.08 7.92 0.15 12.8 0.26 -2.12 252 1
9.89 0.09 61.49 0.29 -2.59 5.07 0.04 48.37 0.39 -3.37 6.58 0.14 27.7 0.29 -2.28 578 1
3.45 0.13 60.12 0.55 -2.32 7.48 0.06 36.25 0.29 -3.15 10.7 0.09 23.98 0.25 -2.6 349 1
5.59 0.1 58.0 0.42 -2.53 4.71 0.05 45.97 0.36 -3.34 7.46 0.13 11.03 0.34 -2.21 549 1
6.2 0.1 60.39 0.4 -2.44 5.47 0.04 32.09 0.38 -3.59 9.7 0.11 23.28 0.24 -2.42 851 1
13.04 0.16 38.29 0.27 -2.05 9.08 0.08 21.9 0.15 -2.86 7.89 0.14 7.16 0.31 -2.23 723 1
5.11 0.11 52.29 0.36 -2.42 5.12 0.08 43.58 0.18 -2.95 7.85 0.16 6.42 0.24 -2.05 611 1
9.58 0.16 50.81 0.24 -2.0 6.24 0.11 27.06 0.11 -2.46 7.69 0.17 5.21 0.24 -1.99 762 1
4.54 0.12 57.52 0.46 -2.38 4.87 0.05 44.45 0.39 -3.22 8.48 0.13 11.4 0.27 -2.27 622 1
14.05 0.12 62.89 0.19 -2.32 5.06 0.04 46.61 0.38 -3.49 9.3 0.18 5.52 0.27 -1.95 335 1
6.67 0.13 61.55 0.34 -2.29 3.19 0.07 51.88 0.52 -2.97 4.14 0.2 13.12 0.37 -1.87 673 1
5.54 0.13 61.81 0.36 -2.26 3.85 0.05 35.39 0.49 -3.22 8.03 0.15 6.53 0.29 -2.08 637 1
4.91 0.12 56.99 0.4 -2.4 2.73 0.06 35.32 0.49 -3.08 5.78 0.14 18.95 0.37 -2.11 379 1
5.92 0.12 52.68 0.37 -2.42 1.7 0.08 33.12 0.61 -2.85 4.04 0.17 15.79 0.39 -2.05 162 1
4.52 0.15 59.88 0.43 -2.1 7.34 0.07 34.63 0.17 -3.05 11.05 0.15 6.68 0.19 -2.09 411 1
5.99 0.15 57.14 0.53 -2.13 11.77 0.06 31.81 0.18 -3.07 17.23 0.12 7.16 0.08 -2.28 610 1
1.94 0.18 35.52 0.51 -2.02 4.14 0.09 17.76 0.36 -2.61 9.04 0.11 20.97 0.31 -2.38 421 1
3.19 0.17 43.71 0.5 -2.05 10.87 0.09 14.61 0.13 -2.75 16.09 0.16 4.52 0.16 -2.09 326 1
3.3 0.17 63.1 0.48 -2.04 6.89 0.07 49.04 0.23 -2.99 12.51 0.22 6.17 0.13 -1.82 439 1
1.34 0.15 35.37 0.59 -2.08 7.56 0.07 24.85 0.18 -2.8 10.1 0.1 9.35 0.26 -2.43 630 1
21.61 0.24 13.0 0.05 -1.65 4.92 0.13 9.93 0.35 -2.28 9.46 0.13 9.8 0.19 -2.18 457 1
20.03 0.28 8.24 0.05 -1.51 7.4 0.15 6.19 0.24 -2.07 5.95 0.14 10.61 0.32 -2.2 646 1
21.73 0.2 50.66 0.06 -1.81 8.08 0.11 17.31 0.25 -2.45 8.52 0.1 9.49 0.31 -2.46 657 1
13.25 0.1 59.0 0.24 -2.47 4.51 0.04 47.05 0.41 -3.43 9.6 0.15 9.8 0.21 -2.18 451 1
7.4 0.12 60.07 0.33 -2.38 4.89 0.05 32.45 0.36 -3.29 10.31 0.14 22.54 0.22 -2.16 82 1
6.34 0.16 57.47 0.34 -2.18 4.45 0.06 33.29 0.43 -3.14 9.58 0.15 21.6 0.22 -2.16 134 1
4.98 0.12 47.97 0.33 -2.41 2.65 0.08 38.75 0.51 -2.85 8.99 0.12 18.26 0.25 -2.34 340 1
3.36 0.21 28.67 0.37 -2.03 1.33 0.17 30.69 0.59 -2.22 3.05 0.17 17.09 0.46 -2.18 164 1
7.63 0.33 56.52 0.15 -1.54 1.36 0.3 54.62 0.55 -1.79 3.89 0.34 8.98 0.3 -1.48 215 1
5.97 0.29 31.82 0.22 -1.57 1.03 0.25 25.83 0.64 -1.81 4.19 0.22 11.7 0.31 -1.79 48 1
5.3 0.2 49.8 0.29 -2.08 1.78 0.17 53.23 0.56 -2.32 3.38 0.14 12.94 0.42 -2.21 441 1
6.34 0.25 60.23 0.24 -1.8 1.63 0.15 53.22 0.63 -2.43 7.54 0.22 7.4 0.21 -1.75 43 1
3.8 0.21 12.8 0.36 -1.95 0.96 0.15 13.64 0.65 -2.25 3.67 0.15 15.02 0.4 -2.21 623 1
6.54 0.16 61.14 0.3 -2.1 3.65 0.08 47.25 0.41 -2.89 13.54 0.22 4.59 0.11 -1.75 266 1
2.57 0.22 16.96 0.46 -1.77 0.87 0.19 14.67 0.69 -1.97 3.98 0.16 11.4 0.36 -2.07 131 1
9.12 0.15 59.34 0.25 -2.06 2.59 0.08 39.18 0.47 -2.88 12.75 0.19 6.92 0.12 -1.88 43 1
3.82 0.19 63.47 0.48 -1.9 7.62 0.1 51.28 0.19 -2.61 15.94 0.33 3.37 0.07 -1.37 42 1
2.95 0.15 31.68 0.43 -2.08 3.46 0.09 26.42 0.38 -2.65 10.05 0.16 6.65 0.17 -2.0 182 1
2.91 0.2 52.4 0.44 -1.93 2.05 0.13 38.39 0.52 -2.35 7.34 0.15 7.69 0.23 -2.06 125 1
15.98 0.16 63.97 0.16 -2.01 3.99 0.05 55.83 0.35 -3.17 17.18 0.31 2.12 0.07 -1.36 42 1
2.13 0.21 31.42 0.46 -1.78 3.94 0.13 33.01 0.37 -2.37 9.63 0.18 9.46 0.17 -1.91 37 1
3.09 0.18 38.58 0.42 -1.97 2.4 0.11 41.73 0.49 -2.45 7.86 0.17 8.55 0.21 -1.97 193 1
7.95 0.16 63.96 0.28 -1.98 4.76 0.08 49.03 0.29 -2.78 16.7 0.41 3.88 0.06 -1.11 84 1
12.17 0.14 63.46 0.21 -2.16 4.11 0.05 58.15 0.39 -3.27 13.34 0.25 3.26 0.1 -1.61 47 1
6.16 0.19 57.46 0.28 -1.99 2.19 0.1 40.03 0.5 -2.72 10.23 0.15 9.31 0.19 -2.12 427 1
3.74 0.17 49.46 0.39 -2.07 1.68 0.11 45.93 0.55 -2.57 7.15 0.11 14.39 0.28 -2.37 685 1
5.01 0.18 22.63 0.3 -1.93 1.29 0.12 10.52 0.62 -2.4 8.97 0.13 7.45 0.22 -2.21 338 1
3.84 0.2 45.32 0.38 -1.98 1.97 0.12 25.6 0.54 -2.48 7.99 0.11 14.02 0.25 -2.36 494 1
5.16 0.14 53.98 0.42 -2.24 3.6 0.08 42.93 0.4 -2.89 11.13 0.15 4.31 0.17 -2.11 119 1
29.88 0.51 63.97 0.05 -1.08 2.01 0.24 48.7 0.51 -2.12 22.65 0.4 1.53 0.05 -1.19 43 1
16.67 0.2 63.58 0.15 -1.88 3.52 0.07 57.14 0.39 -2.96 18.17 0.29 3.89 0.07 -1.5 35 1
7.87 0.18 63.08 0.31 -1.98 4.45 0.09 39.19 0.32 -2.87 14.59 0.21 4.36 0.09 -1.77 42 1
3.24 0.14 49.47 0.44 -2.27 3.13 0.08 36.33 0.41 -2.84 8.83 0.13 9.82 0.22 -2.22 388 1
3.52 0.2 59.64 0.39 -1.88 4.3 0.12 48.08 0.36 -2.47 12.27 0.17 11.13 0.13 -2.03 44 1
4.06 0.19 46.71 0.35 -1.89 2.69 0.11 36.04 0.48 -2.57 9.6 0.19 5.51 0.17 -1.88 225 1
2.41 0.14 30.63 0.5 -2.2 2.75 0.1 31.59 0.49 -2.58 6.83 0.16 11.09 0.25 -2.04 105 1
1.95 0.3 17.17 0.52 -1.6 1.08 0.21 13.37 0.65 -1.87 4.3 0.15 15.07 0.36 -2.19 56 1
3.86 0.19 50.62 0.42 -2.04 1.76 0.13 38.06 0.56 -2.48 6.75 0.15 13.59 0.27 -2.12 67 1
17.71 0.22 59.59 0.2 -1.95 3.62 0.08 45.86 0.4 -2.93 16.0 0.23 6.2 0.1 -1.72 262 1
6.96 0.17 53.13 0.22 -2.04 1.37 0.1 29.41 0.59 -2.58 11.05 0.14 6.28 0.14 -2.1 460 1
5.43 0.24 22.03 0.27 -1.73 1.35 0.12 22.07 0.6 -2.38 7.82 0.16 7.52 0.24 -2.01 63 1
7.62 0.31 62.6 0.19 -1.63 1.93 0.12 50.61 0.53 -2.47 12.32 0.22 5.35 0.13 -1.77 50 1
13.02 0.16 64.0 0.17 -1.96 4.8 0.08 58.89 0.31 -2.78 21.81 0.47 2.74 0.05 -0.91 203 1
6.83 0.23 55.03 0.23 -1.94 1.36 0.12 36.6 0.62 -2.66 8.65 0.17 4.92 0.2 -2.02 563 1
7.58 0.27 61.56 0.2 -1.8 1.59 0.11 34.83 0.57 -2.61 11.44 0.19 3.69 0.15 -1.84 55 1
7.67 0.19 62.46 0.25 -1.98 2.97 0.07 51.52 0.44 -2.95 12.8 0.22 5.19 0.11 -1.74 82 1
15.61 0.16 64.0 0.16 -1.97 4.33 0.08 55.2 0.34 -2.82 21.94 0.47 1.71 0.05 -0.94 217 1
9.37 0.23 62.99 0.21 -1.78 3.17 0.1 53.35 0.4 -2.69 15.62 0.26 4.03 0.09 -1.6 61 1
10.42 0.18 63.92 0.2 -1.94 4.59 0.09 53.25 0.29 -2.79 20.15 0.4 2.98 0.06 -1.13 332 1
12.01 0.18 63.69 0.28 -1.92 6.31 0.07 58.1 0.23 -2.89 18.52 0.33 3.82 0.06 -1.36 170 1
10.47 0.14 63.89 0.24 -2.07 3.93 0.05 50.88 0.29 -3.17 13.68 0.28 3.2 0.09 -1.43 51 1
8.84 0.19 62.81 0.22 -1.99 3.23 0.08 54.79 0.4 -2.9 14.29 0.23 8.18 0.11 -1.72 51 1
19.27 0.22 63.95 0.13 -1.79 3.35 0.11 53.7 0.38 -2.63 20.67 0.44 3.72 0.05 -0.97 199 1
13.0 0.18 63.99 0.25 -1.91 5.8 0.06 57.87 0.24 -3.06 17.54 0.31 3.42 0.07 -1.33 126 1
6.16 0.15 62.39 0.37 -2.11 5.48 0.07 49.29 0.27 -3.02 14.58 0.22 4.77 0.1 -1.78 449 1
4.81 0.12 54.11 0.36 -2.38 3.31 0.07 46.75 0.42 -2.94 12.13 0.15 7.72 0.14 -2.1 911 1
14.79 0.18 63.72 0.12 -2.01 2.76 0.06 51.11 0.43 -3.08 14.59 0.26 6.1 0.1 -1.59 229 1
21.42 0.25 63.97 0.08 -1.67 2.13 0.11 57.68 0.49 -2.62 20.15 0.38 2.21 0.06 -1.16 64 1
6.11 0.27 60.85 0.24 -1.66 1.81 0.13 38.86 0.54 -2.4 11.12 0.21 7.69 0.14 -1.79 147 1
10.91 0.18 63.03 0.2 -1.98 2.77 0.08 41.51 0.43 -2.9 15.68 0.26 4.15 0.08 -1.55 57 1
10.57 0.22 63.98 0.21 -1.84 3.74 0.09 49.97 0.37 -2.78 16.63 0.37 2.4 0.07 -1.16 52 1
6.82 0.18 63.29 0.28 -2.01 3.55 0.08 45.73 0.37 -2.93 13.18 0.23 5.34 0.12 -1.73 243 1
4.29 0.21 58.71 0.35 -1.82 4.36 0.13 53.53 0.33 -2.52 13.17 0.18 4.97 0.1 -1.85 66 1
3.35 0.14 52.19 0.41 -2.12 6.61 0.08 43.24 0.14 -2.78 13.19 0.16 5.7 0.12 -1.99 138 1
5.14 0.16 63.44 0.39 -2.08 7.16 0.06 38.42 0.19 -3.07 17.39 0.2 3.23 0.08 -1.81 373 1
7.49 0.14 63.37 0.31 -2.15 5.91 0.05 54.61 0.25 -3.21 15.96 0.27 4.38 0.09 -1.52 603 1
12.33 0.17 63.42 0.16 -2.0 2.72 0.06 30.31 0.52 -3.13 15.56 0.2 3.27 0.12 -1.83 333 1
11.56 0.15 63.81 0.19 -2.08 3.58 0.04 49.0 0.43 -3.34 11.99 0.22 3.57 0.13 -1.65 77 1
13.43 0.14 63.47 0.17 -2.15 5.07 0.05 41.11 0.34 -3.21 13.57 0.21 3.13 0.11 -1.68 259 1
16.11 0.12 62.22 0.17 -2.19 4.95 0.06 49.34 0.3 -3.14 13.75 0.23 3.78 0.09 -1.69 141 1
9.95 0.18 63.9 0.19 -1.94 4.2 0.06 41.47 0.35 -3.11 15.57 0.26 2.13 0.09 -1.49 165 1
18.98 0.14 62.11 0.13 -2.12 5.06 0.06 53.92 0.35 -3.2 13.66 0.19 6.25 0.12 -1.89 660 1
12.71 0.17 63.57 0.16 -2.01 3.52 0.05 33.6 0.45 -3.17 14.35 0.21 3.49 0.12 -1.75 519 1
9.57 0.23 62.98 0.18 -1.79 2.69 0.06 33.75 0.48 -3.07 13.67 0.21 3.23 0.13 -1.7 140 1
12.65 0.2 63.9 0.13 -1.83 2.46 0.05 36.34 0.51 -3.17 14.28 0.23 2.41 0.1 -1.58 422 1
7.8 0.24 61.85 0.22 -1.84 2.71 0.07 38.51 0.49 -2.92 10.77 0.19 8.0 0.17 -1.86 78 1
10.43 0.17 62.67 0.19 -2.07 2.72 0.06 38.43 0.47 -3.1 14.45 0.22 4.3 0.11 -1.69 168 1
8.75 0.15 63.38 0.25 -2.13 4.02 0.05 48.51 0.38 -3.29 12.29 0.21 6.98 0.13 -1.72 239 1
9.15 0.18 63.46 0.21 -1.95 2.53 0.06 39.61 0.47 -3.05 12.33 0.22 6.71 0.12 -1.64 206 1
6.9 0.24 61.98 0.24 -1.81 2.44 0.08 27.48 0.48 -2.88 11.98 0.18 4.99 0.16 -1.95 638 1
10.16 0.17 59.03 0.21 -1.97 2.2 0.06 29.29 0.5 -3.05 15.56 0.15 4.92 0.13 -2.06 231 1
4.72 0.12 60.71 0.4 -2.27 4.29 0.06 31.93 0.35 -3.11 12.6 0.16 5.63 0.15 -2.05 60 1
6.63 0.2 63.15 0.27 -1.88 3.33 0.08 33.1 0.4 -2.83 13.37 0.21 3.75 0.11 -1.7 66 1
1.77 0.23 61.35 0.62 -1.77 12.99 0.15 45.01 0.1 -2.42 19.04 0.2 5.38 0.07 -1.85 171 1
8.29 0.16 63.72 0.34 -2.0 9.42 0.08 56.73 0.22 -2.8 24.17 0.37 3.77 0.04 -1.32 899 1
5.94 0.17 61.93 0.42 -2.05 8.64 0.08 54.16 0.15 -2.77 17.65 0.27 9.04 0.08 -1.64 658 1
3.82 0.15 62.12 0.51 -2.15 8.44 0.08 32.53 0.16 -2.9 16.54 0.2 4.99 0.1 -1.9 690 1
3.1 0.15 59.3 0.41 -2.08 6.3 0.09 40.95 0.14 -2.66 13.65 0.17 4.16 0.11 -1.93 101 1
6.39 0.15 60.66 0.34 -2.11 6.45 0.07 46.25 0.14 -2.85 14.37 0.23 4.06 0.1 -1.68 422 1
13.23 0.18 63.96 0.16 -1.91 3.11 0.05 43.37 0.46 -3.24 13.62 0.23 2.57 0.11 -1.59 539 1
13.11 0.17 63.84 0.15 -2.0 3.63 0.05 39.58 0.42 -3.23 14.23 0.23 2.83 0.11 -1.64 256 1
11.48 0.2 63.45 0.18 -1.81 3.87 0.06 50.69 0.43 -3.06 16.83 0.28 2.49 0.08 -1.45 47 1
14.76 0.13 63.26 0.18 -2.16 5.11 0.05 50.24 0.31 -3.32 13.96 0.23 3.01 0.1 -1.61 249 1
6.44 0.24 47.45 0.24 -1.67 3.12 0.09 23.32 0.42 -2.66 14.73 0.22 3.44 0.12 -1.79 97 1
10.87 0.17 63.14 0.23 -2.06 5.86 0.06 53.59 0.25 -3.09 16.68 0.24 4.51 0.09 -1.66 97 1
9.96 0.19 63.61 0.2 -1.9 3.97 0.06 41.24 0.42 -3.07 13.43 0.25 3.2 0.11 -1.56 44 1
3.81 0.14 52.22 0.39 -2.21 1.93 0.08 49.72 0.53 -2.76 6.23 0.14 9.8 0.29 -2.18 1014 1
4.8 0.21 58.7 0.3 -1.83 1.51 0.12 52.95 0.62 -2.46 7.26 0.19 7.18 0.22 -1.82 134 1
6.5 0.16 61.54 0.29 -2.06 3.25 0.09 55.7 0.43 -2.73 11.44 0.3 5.58 0.13 -1.48 562 1
3.93 0.15 58.88 0.38 -2.13 2.11 0.07 52.45 0.5 -2.9 7.65 0.18 8.36 0.24 -1.94 776 1
3.84 0.18 41.62 0.35 -1.98 2.43 0.1 29.05 0.5 -2.6 9.14 0.17 7.61 0.18 -2.01 562 1
3.37 0.16 56.47 0.39 -2.05 2.79 0.1 41.55 0.43 -2.61 8.92 0.19 4.86 0.16 -1.85 227 1
